WeaponAppearanceID,Name,Description,ItemClass,Art ID Names,Weapon Material name Info,MeshOverride,SkinOverride1,MaterialOverride1,SkinOverride2,MaterialOverride2,SkinOverride3,MaterialOverride3,SkinOverride4,MaterialOverride4,MaskRColor,MaskROverride,MaskR,MaskGColor,MaskGOverride,MaskG,MaskBColor,MaskBOverride,MaskB,MaskASpecColor,MaskASpec,MaskAGlossShift,MaskAGloss,EmissiveColor,EmissiveIntensity,SoundTableID,IconCaptureGroup,IconPath,HiResIconPath
MandolinT1,,,,MandolinT1,Stone / Wood,Objects/Instruments/Mandolins/MandolinT1/musi_mand_mandolinT1.cdf,,,,,,,,,#B8B8B8,0,0,#B8B8B8,0,0,#B8B8B8,0,0,#B8B8B8,0,0.5,0,,,MXMI_Mandolin,Mandolin,,
MandolinT2,@MandolinT2_TransmogName,,EquippableTool+InstrumentMandolin,MandolinT2,Iron,Objects/Instruments/Mandolins/MandolinT2/musi_mand_mandolinT2.cdf,,,,,,,,,#B8B8B8,0,0,#B8B8B8,0,0,#B8B8B8,0,0,#B8B8B8,0,0.5,0,,,MXMI_Mandolin,Mandolin,lyshineui/images/icons/items/MusicalActions/MandolinT2.png,lyshineui/images/icons/items_hires/MandolinT2.png
MandolinT3,@MandolinT3_TransmogName,,EquippableTool+InstrumentMandolin,MandolinT3,Steel,Objects/Instruments/Mandolins/MandolinT3/musi_mand_mandolinT3.cdf,,,,,,,,,#B8B8B8,0,0,#B8B8B8,0,0,#B8B8B8,0,0,#B8B8B8,0,0.5,0,,,MXMI_Mandolin,Mandolin,lyshineui/images/icons/items/MusicalActions/MandolinT3.png,lyshineui/images/icons/items_hires/MandolinT3.png
MandolinT4,@MandolinT4_TransmogName,,EquippableTool+InstrumentMandolin,MandolinT4,Starmetal,Objects/Instruments/Mandolins/MandolinT4/musi_mand_mandolinT4.cdf,,,,,,,,,#B8B8B8,0,0,#B8B8B8,0,0,#B8B8B8,0,0,#B8B8B8,0,0.5,0,,,MXMI_Mandolin,Mandolin,lyshineui/images/icons/items/MusicalActions/MandolinT4.png,lyshineui/images/icons/items_hires/MandolinT4.png
MandolinT5,@MandolinT5_TransmogName,,EquippableTool+InstrumentMandolin,MandolinT5,Orichalcum,Objects/Instruments/Mandolins/MandolinT5/musi_mand_mandolinT5.cdf,,,,,,,,,#B8B8B8,0,0,#B8B8B8,0,0,#B8B8B8,0,0,#B8B8B8,0,0.5,0,,,MXMI_Mandolin,Mandolin,lyshineui/images/icons/items/MusicalActions/MandolinT5.png,lyshineui/images/icons/items_hires/MandolinT5.png
MandolinAngryEarthT1,,,,MandolinT1,AngryEarth,Objects/Instruments/Mandolins/MandolinT1/musi_mand_mandolinT1.cdf,,,,,,,,,#4B5F8E,1,0.5,#A3A7AC,0.25,0.68,#849B6C,1,0.28,#86BDFF,0.5,0.8,0.5,#63C5DA,10,MXMI_Mandolin,Mandolin,,
MandolinAngryEarthT2,,,,MandolinT2,AngryEarth,Objects/Instruments/Mandolins/MandolinT2/musi_mand_mandolinT2.cdf,,,,,,,,,#4B5F8E,1,0.5,#A3A7AC,0.25,0.68,#849B6C,1,0.28,#86BDFF,0.5,0.8,0.5,#63C5DA,10,MXMI_Mandolin,Mandolin,,
MandolinAngryEarthT3,,,,MandolinT3,AngryEarth,Objects/Instruments/Mandolins/MandolinT3/musi_mand_mandolinT3.cdf,,,,,,,,,#4B5F8E,1,0.5,#A3A7AC,0.25,0.68,#849B6C,1,0.28,#86BDFF,0.5,0.8,0.5,#63C5DA,10,MXMI_Mandolin,Mandolin,,
MandolinAngryEarthT4,,,,MandolinT4,AngryEarth,Objects/Instruments/Mandolins/MandolinT4/musi_mand_mandolinT4.cdf,,,,,,,,,#4B5F8E,1,0.5,#A3A7AC,0.25,0.68,#849B6C,1,0.28,#86BDFF,0.5,0.8,0.5,#63C5DA,10,MXMI_Mandolin,Mandolin,,
MandolinAngryEarthT5,,,,MandolinT5,AngryEarth,Objects/Instruments/Mandolins/MandolinT5/musi_mand_mandolinT5.cdf,,,,,,,,,#4B5F8E,1,0.5,#A3A7AC,0.25,0.68,#849B6C,1,0.28,#86BDFF,0.5,0.8,0.5,#63C5DA,10,MXMI_Mandolin,Mandolin,,
MandolinCorruptedT1,,,,MandolinT1,Corrupted,Objects/Instruments/Mandolins/MandolinT1/musi_mand_mandolinT1.cdf,,,,,,,,,#2A1A18,1,0.4,#B49A9A,0,1,#5F0006,1,0.78,#411208,0.5,0.8,1,,,MXMI_Mandolin,Mandolin,,
MandolinCorruptedT2,,,,MandolinT2,Corrupted,Objects/Instruments/Mandolins/MandolinT2/musi_mand_mandolinT2.cdf,,,,,,,,,#2A1A18,1,0.4,#B49A9A,0,1,#5F0006,1,0.78,#411208,0.5,0.8,1,,,MXMI_Mandolin,Mandolin,,
MandolinCorruptedT3,,,,MandolinT3,Corrupted,Objects/Instruments/Mandolins/MandolinT3/musi_mand_mandolinT3.cdf,,,,,,,,,#2A1A18,1,0.4,#B49A9A,0,1,#5F0006,1,0.78,#411208,0.5,0.8,1,,,MXMI_Mandolin,Mandolin,,
MandolinCorruptedT4,,,,MandolinT4,Corrupted,Objects/Instruments/Mandolins/MandolinT4/musi_mand_mandolinT4.cdf,,,,,,,,,#2A1A18,1,0.4,#B49A9A,0,1,#5F0006,1,0.78,#411208,0.5,0.8,1,,,MXMI_Mandolin,Mandolin,,
MandolinCorruptedT5,,,,MandolinT5,Corrupted,Objects/Instruments/Mandolins/MandolinT5/musi_mand_mandolinT5.cdf,,,,,,,,,#2A1A18,1,0.4,#B49A9A,0,1,#5F0006,1,0.78,#411208,0.5,0.8,1,,,MXMI_Mandolin,Mandolin,,
MandolinLostT1,,,,MandolinT1,Lost,Objects/Instruments/Mandolins/MandolinT1/musi_mand_mandolinT1.cdf,,,,,,,,,#252525,1,0.1,#A3A7AC,0.25,0.68,#A4A3A3,1,0.6,#A0A0A0,0.1,0.8,0.5,,,MXMI_Mandolin,Mandolin,,
MandolinLostT2,,,,MandolinT2,Lost,Objects/Instruments/Mandolins/MandolinT2/musi_mand_mandolinT2.cdf,,,,,,,,,#252525,1,0.1,#A3A7AC,0.25,0.68,#A4A3A3,1,0.6,#A0A0A0,0.1,0.8,0.5,,,MXMI_Mandolin,Mandolin,,
MandolinLostT3,,,,MandolinT3,Lost,Objects/Instruments/Mandolins/MandolinT3/musi_mand_mandolinT3.cdf,,,,,,,,,#252525,1,0.1,#A3A7AC,0.25,0.68,#A4A3A3,1,0.6,#A0A0A0,0.1,0.8,0.5,,,MXMI_Mandolin,Mandolin,,
MandolinLostT4,,,,MandolinT4,Lost,Objects/Instruments/Mandolins/MandolinT4/musi_mand_mandolinT4.cdf,,,,,,,,,#252525,1,0.1,#A3A7AC,0.25,0.68,#A4A3A3,1,0.6,#A0A0A0,0.1,0.8,0.5,,,MXMI_Mandolin,Mandolin,,
MandolinLostT5,,,,MandolinT5,Lost,Objects/Instruments/Mandolins/MandolinT5/musi_mand_mandolinT5.cdf,,,,,,,,,#252525,1,0.1,#A3A7AC,0.25,0.68,#A4A3A3,1,0.6,#A0A0A0,0.1,0.8,0.5,,,MXMI_Mandolin,Mandolin,,
MandolinAncientT1,,,,MandolinT1,Ancient,Objects/Instruments/Mandolins/MandolinT1/musi_mand_mandolinT1.cdf,,,,,,,,,#532311,1,0.5,#999999,0.3,0.3,#895B30,1,0.8,#AA865A,0.5,0.8,0.5,,,MXMI_Mandolin,Mandolin,,
MandolinAncientT2,,,,MandolinT2,Ancient,Objects/Instruments/Mandolins/MandolinT2/musi_mand_mandolinT2.cdf,,,,,,,,,#532311,1,0.5,#999999,0.3,0.3,#895B30,1,0.8,#AA865A,0.5,0.8,0.5,,,MXMI_Mandolin,Mandolin,,
MandolinAncientT3,,,,MandolinT3,Ancient,Objects/Instruments/Mandolins/MandolinT3/musi_mand_mandolinT3.cdf,,,,,,,,,#532311,1,0.5,#999999,0.3,0.3,#895B30,1,0.8,#AA865A,0.5,0.8,0.5,,,MXMI_Mandolin,Mandolin,,
MandolinAncientT4,,,,MandolinT4,Ancient,Objects/Instruments/Mandolins/MandolinT4/musi_mand_mandolinT4.cdf,,,,,,,,,#532311,1,0.5,#999999,0.3,0.3,#895B30,1,0.8,#AA865A,0.5,0.8,0.5,,,MXMI_Mandolin,Mandolin,,
MandolinAncientT5,,,,MandolinT5,Ancient,Objects/Instruments/Mandolins/MandolinT5/musi_mand_mandolinT5.cdf,,,,,,,,,#532311,1,0.5,#999999,0.3,0.3,#895B30,1,0.8,#AA865A,0.5,0.8,0.5,,,MXMI_Mandolin,Mandolin,,
MandolinFaeT3,,,,MandolinT3,Fae,Objects/Instruments/Mandolins/MandolinT3/musi_mand_mandolinT3.cdf,,,,,,,,,#007400,0.5,1,#AFB645,0.5,1,#B67F58,0.5,1,#3D3D3D,0.6,0.8,0.7,#2C9D41,3,MXMI_Mandolin,Mandolin,,
MandolinFaeT4,,,,MandolinT4,Fae,Objects/Instruments/Mandolins/MandolinT4/musi_mand_mandolinT4.cdf,,,,,,,,,#007400,0.5,1,#AFB645,0.5,1,#B67F58,0.5,1,#3D3D3D,0.6,0.8,0.7,#2C9D41,3,MXMI_Mandolin,Mandolin,,
MandolinFaeT5,,,,MandolinT5,Fae,Objects/Instruments/Mandolins/MandolinT5/musi_mand_mandolinT5.cdf,,,,,,,,,#007400,0.5,1,#AFB645,0.5,1,#B67F58,0.5,1,#3D3D3D,0.6,0.8,0.7,#2C9D41,3,MXMI_Mandolin,Mandolin,,
MandolinGlassT3,,,,MandolinT3,Glass,Objects/Instruments/Mandolins/MandolinT3/musi_mand_mandolinT3.cdf,,,,,,,,,#B8B8B8,0,0,#B8B8B8,0,0,#B8B8B8,0,0,#B8B8B8,0,0.5,0,,,MXMI_Mandolin,Mandolin,,
MandolinGlassT4,,,,MandolinT4,Glass,Objects/Instruments/Mandolins/MandolinT4/musi_mand_mandolinT4.cdf,,,,,,,,,#B8B8B8,0,0,#B8B8B8,0,0,#B8B8B8,0,0,#B8B8B8,0,0.5,0,,,MXMI_Mandolin,Mandolin,,
MandolinGlassT5,,,,MandolinT5,Glass,Objects/Instruments/Mandolins/MandolinT5/musi_mand_mandolinT5.cdf,,,,,,,,,#B8B8B8,0,0,#B8B8B8,0,0,#B8B8B8,0,0,#B8B8B8,0,0.5,0,,,MXMI_Mandolin,Mandolin,,
MandolinElegantT3,,,,MandolinT3,Elegant,Objects/Instruments/Mandolins/MandolinT3/musi_mand_mandolinT3.cdf,,,,,,,,,#996C29,0.7,0.3,#00ACDB,0.1,1,#4893BA,0.5,1,#6C5A2F,0.35,0.8,0.7,#9E8818,5,MXMI_Mandolin,Mandolin,,
MandolinElegantT4,,,,MandolinT4,Elegant,Objects/Instruments/Mandolins/MandolinT4/musi_mand_mandolinT4.cdf,,,,,,,,,#996C29,0.7,0.3,#00ACDB,0.1,1,#4893BA,0.5,1,#6C5A2F,0.35,0.8,0.7,#9E8818,5,MXMI_Mandolin,Mandolin,,
MandolinElegantT5,,,,MandolinT5,Elegant,Objects/Instruments/Mandolins/MandolinT5/musi_mand_mandolinT5.cdf,,,,,,,,,#996C29,0.7,0.3,#00ACDB,0.1,1,#4893BA,0.5,1,#6C5A2F,0.35,0.8,0.7,#9E8818,5,MXMI_Mandolin,Mandolin,,
MandolinViciousT3,,,,MandolinT3,Vicious,Objects/Instruments/Mandolins/MandolinT3/musi_mand_mandolinT3.cdf,,,,,,,,,#860000,0.7,0.3,#AE0000,0.3,1,#9D0000,0.5,1,#000000,0.35,0.8,0.7,,,MXMI_Mandolin,Mandolin,,
MandolinViciousT4,,,,MandolinT4,Vicious,Objects/Instruments/Mandolins/MandolinT4/musi_mand_mandolinT4.cdf,,,,,,,,,#860000,0.7,0.3,#AE0000,0.3,1,#9D0000,0.5,1,#000000,0.35,0.8,0.7,,,MXMI_Mandolin,Mandolin,,
MandolinViciousT5,,,,MandolinT5,Vicious,Objects/Instruments/Mandolins/MandolinT5/musi_mand_mandolinT5.cdf,,,,,,,,,#860000,0.7,0.3,#AE0000,0.3,1,#9D0000,0.5,1,#000000,0.35,0.8,0.7,,,MXMI_Mandolin,Mandolin,,
MandolinVinespunT3,,,,MandolinT3,Vinespun,Objects/Instruments/Mandolins/MandolinT3/musi_mand_mandolinT3.cdf,,,,,,,,,#26ACCA,0.3,1,#C327CE,0.3,1,#0AEDDA,0.1,1,#A4669A,0.35,0.8,0.7,#00A095,5,MXMI_Mandolin,Mandolin,,
MandolinVinespunT4,,,,MandolinT4,Vinespun,Objects/Instruments/Mandolins/MandolinT4/musi_mand_mandolinT4.cdf,,,,,,,,,#26ACCA,0.3,1,#C327CE,0.3,1,#0AEDDA,0.1,1,#A4669A,0.35,0.8,0.7,#00A095,5,MXMI_Mandolin,Mandolin,,
MandolinVinespunT5,,,,MandolinT5,Vinespun,Objects/Instruments/Mandolins/MandolinT5/musi_mand_mandolinT5.cdf,,,,,,,,,#26ACCA,0.3,1,#C327CE,0.3,1,#0AEDDA,0.1,1,#A4669A,0.35,0.8,0.7,#00A095,5,MXMI_Mandolin,Mandolin,,
MandolinVoidbentT3,,,,MandolinT3,Voidbent,Objects/Instruments/Mandolins/MandolinT3/musi_mand_mandolinT3.cdf,,,,,,,,,#1278A3,0.4,1,#9377B9,0.5,1,#D4D4EE,1,0.3,#666677,0.1,0.8,0.5,,,MXMI_Mandolin,Mandolin,,
MandolinVoidbentT4,,,,MandolinT4,Voidbent,Objects/Instruments/Mandolins/MandolinT4/musi_mand_mandolinT4.cdf,,,,,,,,,#1278A3,0.4,1,#9377B9,0.5,1,#D4D4EE,1,0.3,#666677,0.1,0.8,0.5,,,MXMI_Mandolin,Mandolin,,
MandolinVoidbentT5,,,,MandolinT5,Voidbent,Objects/Instruments/Mandolins/MandolinT5/musi_mand_mandolinT5.cdf,,,,,,,,,#1278A3,0.4,1,#9377B9,0.5,1,#D4D4EE,1,0.3,#666677,0.1,0.8,0.5,,,MXMI_Mandolin,Mandolin,,
MandolinWaveborneT3,,,,MandolinT3,Waveborne,Objects/Instruments/Mandolins/MandolinT3/musi_mand_mandolinT3.cdf,,,,,,,,,#1BC7C2,0.3,1,#80EEB7,0.05,1,#54FFFF,0.1,1,#856C39,0.5,0.8,0.7,,,MXMI_Mandolin,Mandolin,,
MandolinWaveborneT4,,,,MandolinT4,Waveborne,Objects/Instruments/Mandolins/MandolinT4/musi_mand_mandolinT4.cdf,,,,,,,,,#1BC7C2,0.3,1,#80EEB7,0.05,1,#54FFFF,0.1,1,#856C39,0.5,0.8,0.7,,,MXMI_Mandolin,Mandolin,,
MandolinWaveborneT5,,,,MandolinT5,Waveborne,Objects/Instruments/Mandolins/MandolinT5/musi_mand_mandolinT5.cdf,,,,,,,,,#1BC7C2,0.3,1,#80EEB7,0.05,1,#54FFFF,0.1,1,#856C39,0.5,0.8,0.7,,,MXMI_Mandolin,Mandolin,,
MandolinImmolatedT3,,,,MandolinT3,Immolated,Objects/Instruments/Mandolins/MandolinT3/musi_mand_mandolinT3.cdf,,,,,,,,,#540000,0.7,1,#A35E00,0.5,1,#B3B3B3,0.1,1,#790002,0.35,0.8,0.7,#FF7200,2,MXMI_Mandolin,Mandolin,,
MandolinImmolatedT4,,,,MandolinT4,Immolated,Objects/Instruments/Mandolins/MandolinT4/musi_mand_mandolinT4.cdf,,,,,,,,,#540000,0.7,1,#A35E00,0.5,1,#B3B3B3,0.1,1,#790002,0.35,0.8,0.7,#FF7200,2,MXMI_Mandolin,Mandolin,,
MandolinImmolatedT5,,,,MandolinT5,Immolated,Objects/Instruments/Mandolins/MandolinT5/musi_mand_mandolinT5.cdf,,,,,,,,,#540000,0.7,1,#A35E00,0.5,1,#B3B3B3,0.1,1,#790002,0.35,0.8,0.7,#FF7200,2,MXMI_Mandolin,Mandolin,,
MandolinEtherealT3,,,,MandolinT3,Ethereal,Objects/Instruments/Mandolins/MandolinT3/musi_mand_mandolinT3.cdf,,,,,,,,,#A38C76,0.7,0.5,#2FCCE4,0.1,1,#CC815B,0.1,1,#58566C,0.35,0.5,0.5,#80D3FF,3,MXMI_Mandolin,Mandolin,,
MandolinEtherealT4,,,,MandolinT4,Ethereal,Objects/Instruments/Mandolins/MandolinT4/musi_mand_mandolinT4.cdf,,,,,,,,,#A38C76,0.7,0.5,#2FCCE4,0.1,1,#CC815B,0.1,1,#58566C,0.35,0.5,0.5,#80D3FF,3,MXMI_Mandolin,Mandolin,,
MandolinEtherealT5,,,,MandolinT5,Ethereal,Objects/Instruments/Mandolins/MandolinT5/musi_mand_mandolinT5.cdf,,,,,,,,,#A38C76,0.7,0.5,#2FCCE4,0.1,1,#CC815B,0.1,1,#58566C,0.35,0.5,0.5,#80D3FF,3,MXMI_Mandolin,Mandolin,,
MandolinAbyssalT3,,,,MandolinT3,Abyssal,Objects/Instruments/Mandolins/MandolinT3/musi_mand_mandolinT3.cdf,,,,,,,,,#26037F,0.7,0.3,#8982A0,0.3,1,#432C99,0.1,1,#37044C,0.35,0.8,0.7,#A465CE,5,MXMI_Mandolin,Mandolin,,
MandolinAbyssalT4,,,,MandolinT4,Abyssal,Objects/Instruments/Mandolins/MandolinT4/musi_mand_mandolinT4.cdf,,,,,,,,,#26037F,0.7,0.3,#8982A0,0.3,1,#432C99,0.1,1,#37044C,0.35,0.8,0.7,#A465CE,5,MXMI_Mandolin,Mandolin,,
MandolinAbyssalT5,,,,MandolinT5,Abyssal,Objects/Instruments/Mandolins/MandolinT5/musi_mand_mandolinT5.cdf,,,,,,,,,#26037F,0.7,0.3,#8982A0,0.3,1,#432C99,0.1,1,#37044C,0.35,0.8,0.7,#A465CE,5,MXMI_Mandolin,Mandolin,,
MandolinMarauderT3,,,,MandolinT3,Marauder,Objects/Instruments/Mandolins/MandolinT3/musi_mand_mandolinT3.cdf,,,,,,,,,#00710D,0.01,1,#B0924C,0.1,1,#656565,0.1,1,#6D5C31,0.35,0.8,0.7,#007D00,5,MXMI_Mandolin,Mandolin,,
MandolinMarauderT4,,,,MandolinT4,Marauder,Objects/Instruments/Mandolins/MandolinT4/musi_mand_mandolinT4.cdf,,,,,,,,,#00710D,0.01,1,#B0924C,0.1,1,#656565,0.1,1,#6D5C31,0.35,0.8,0.7,#007D00,5,MXMI_Mandolin,Mandolin,,
MandolinMarauderT5,,,,MandolinT4,Marauder,Objects/Instruments/Mandolins/MandolinT5/musi_mand_mandolinT5.cdf,,,,,,,,,#00710D,0.01,1,#B0924C,0.1,1,#656565,0.1,1,#6D5C31,0.35,0.8,0.7,#007D00,5,MXMI_Mandolin,Mandolin,,
MandolinSyndicateT3,,,,MandolinT3,Syndicate,Objects/Instruments/Mandolins/MandolinT3/musi_mand_mandolinT3.cdf,,,,,,,,,#77568E,0.1,1,#688BAC,0.1,1,#D3BFDA,0.2,1,#5C4A65,0.35,0.6,1,#7AA8FD,5,MXMI_Mandolin,Mandolin,,
MandolinSyndicateT4,,,,MandolinT4,Syndicate,Objects/Instruments/Mandolins/MandolinT4/musi_mand_mandolinT4.cdf,,,,,,,,,#77568E,0.1,1,#688BAC,0.1,1,#D3BFDA,0.2,1,#5C4A65,0.35,0.6,1,#7AA8FD,5,MXMI_Mandolin,Mandolin,,
MandolinSyndicateT5,,,,MandolinT5,Syndicate,Objects/Instruments/Mandolins/MandolinT5/musi_mand_mandolinT5.cdf,,,,,,,,,#77568E,0.1,1,#688BAC,0.1,1,#D3BFDA,0.2,1,#5C4A65,0.35,0.6,1,#7AA8FD,5,MXMI_Mandolin,Mandolin,,
MandolinCovenantT3,,,,MandolinT3,Covenant,Objects/Instruments/Mandolins/MandolinT3/musi_mand_mandolinT3.cdf,,,,,,,,,#CA5A19,0.01,1,#FFCE3B,0.01,1,#AEAEAE,0.2,1,#683F27,0.6,0.8,0.7,#BC0C0E,5,MXMI_Mandolin,Mandolin,,
MandolinCovenantT4,,,,MandolinT4,Covenant,Objects/Instruments/Mandolins/MandolinT4/musi_mand_mandolinT4.cdf,,,,,,,,,#CA5A19,0.01,1,#FFCE3B,0.01,1,#AEAEAE,0.2,1,#683F27,0.6,0.8,0.7,#BC0C0E,5,MXMI_Mandolin,Mandolin,,
MandolinCovenantT5,,,,MandolinT5,Covenant,Objects/Instruments/Mandolins/MandolinT5/musi_mand_mandolinT5.cdf,,,,,,,,,#CA5A19,0.01,1,#FFCE3B,0.01,1,#AEAEAE,0.2,1,#683F27,0.6,0.8,0.7,#BC0C0E,5,MXMI_Mandolin,Mandolin,,
GuitarT1,,,,GuitarT1,Stone / Wood,Objects/Instruments/Guitars/guitarT1/musi_guit_guitarT1.cdf,,,,,,,,,#B8B8B8,0,0,#B8B8B8,0,0,#B8B8B8,0,0,#B8B8B8,0,0.5,0,,,MXMI_Guitar,Guitar,,
GuitarT2,@GuitarT2_TransmogName,,EquippableTool+InstrumentGuitar,GuitarT2,Iron,Objects/Instruments/Guitars/guitarT2/musi_guit_guitarT2.cdf,,,,,,,,,#B8B8B8,0,0,#B8B8B8,0,0,#B8B8B8,0,0,#B8B8B8,0,0.5,0,,,MXMI_Guitar,Guitar,lyshineui/images/icons/items/MusicalActions/GuitarT2.png,lyshineui/images/icons/items_hires/GuitarT2.png
GuitarT3,@GuitarT3_TransmogName,,EquippableTool+InstrumentGuitar,GuitarT3,Steel,Objects/Instruments/Guitars/guitarT3/musi_guit_guitarT3.cdf,,,,,,,,,#B8B8B8,0,0,#B8B8B8,0,0,#B8B8B8,0,0,#B8B8B8,0,0.5,0,,,MXMI_Guitar,Guitar,lyshineui/images/icons/items/MusicalActions/GuitarT3.png,lyshineui/images/icons/items_hires/GuitarT3.png
GuitarT4,@GuitarT4_TransmogName,,EquippableTool+InstrumentGuitar,GuitarT4,Starmetal,Objects/Instruments/Guitars/guitarT4/musi_guit_guitarT4.cdf,,,,,,,,,#B8B8B8,0,0,#B8B8B8,0,0,#B8B8B8,0,0,#B8B8B8,0,0.5,0,,,MXMI_Guitar,Guitar,lyshineui/images/icons/items/MusicalActions/GuitarT4.png,lyshineui/images/icons/items_hires/GuitarT4.png
GuitarT5,@GuitarT5_TransmogName,,EquippableTool+InstrumentGuitar,GuitarT5,Orichalcum,Objects/Instruments/Guitars/guitarT5/musi_guit_guitarT5.cdf,,,,,,,,,#B8B8B8,0,0,#B8B8B8,0,0,#B8B8B8,0,0,#B8B8B8,0,0.5,0,,,MXMI_Guitar,Guitar,lyshineui/images/icons/items/MusicalActions/GuitarT5.png,lyshineui/images/icons/items_hires/GuitarT5.png
GuitarAngryEarthT1,,,,GuitarT1,AngryEarth,Objects/Instruments/Guitars/guitarT1/musi_guit_guitarT1.cdf,,,,,,,,,#4B5F8E,1,0.5,#A3A7AC,0.25,0.68,#849B6C,1,0.28,#86BDFF,0.5,0.8,0.5,#63C5DA,10,MXMI_Guitar,Guitar,,
GuitarAngryEarthT2,,,,GuitarT2,AngryEarth,Objects/Instruments/Guitars/guitarT2/musi_guit_guitarT2.cdf,,,,,,,,,#4B5F8E,1,0.5,#A3A7AC,0.25,0.68,#849B6C,1,0.28,#86BDFF,0.5,0.8,0.5,#63C5DA,10,MXMI_Guitar,Guitar,,
GuitarAngryEarthT3,,,,GuitarT3,AngryEarth,Objects/Instruments/Guitars/guitarT3/musi_guit_guitarT3.cdf,,,,,,,,,#4B5F8E,1,0.5,#A3A7AC,0.25,0.68,#849B6C,1,0.28,#86BDFF,0.5,0.8,0.5,#63C5DA,10,MXMI_Guitar,Guitar,,
GuitarAngryEarthT4,,,,GuitarT4,AngryEarth,Objects/Instruments/Guitars/guitarT4/musi_guit_guitarT4.cdf,,,,,,,,,#4B5F8E,1,0.5,#A3A7AC,0.25,0.68,#849B6C,1,0.28,#86BDFF,0.5,0.8,0.5,#63C5DA,10,MXMI_Guitar,Guitar,,
GuitarAngryEarthT5,,,,GuitarT5,AngryEarth,Objects/Instruments/Guitars/guitarT5/musi_guit_guitarT5.cdf,,,,,,,,,#4B5F8E,1,0.5,#A3A7AC,0.25,0.68,#849B6C,1,0.28,#86BDFF,0.5,0.8,0.5,#63C5DA,10,MXMI_Guitar,Guitar,,
GuitarCorruptedT1,,,,GuitarT1,Corrupted,Objects/Instruments/Guitars/guitarT1/musi_guit_guitarT1.cdf,,,,,,,,,#2A1A18,1,0.4,#B49A9A,0,1,#5F0006,1,0.78,#411208,0.5,0.8,1,,,MXMI_Guitar,Guitar,,
GuitarCorruptedT2,,,,GuitarT2,Corrupted,Objects/Instruments/Guitars/guitarT2/musi_guit_guitarT2.cdf,,,,,,,,,#2A1A18,1,0.4,#B49A9A,0,1,#5F0006,1,0.78,#411208,0.5,0.8,1,,,MXMI_Guitar,Guitar,,
GuitarCorruptedT3,,,,GuitarT3,Corrupted,Objects/Instruments/Guitars/guitarT3/musi_guit_guitarT3.cdf,,,,,,,,,#2A1A18,1,0.4,#B49A9A,0,1,#5F0006,1,0.78,#411208,0.5,0.8,1,,,MXMI_Guitar,Guitar,,
GuitarCorruptedT4,,,,GuitarT4,Corrupted,Objects/Instruments/Guitars/guitarT4/musi_guit_guitarT4.cdf,,,,,,,,,#2A1A18,1,0.4,#B49A9A,0,1,#5F0006,1,0.78,#411208,0.5,0.8,1,,,MXMI_Guitar,Guitar,,
GuitarCorruptedT5,,,,GuitarT5,Corrupted,Objects/Instruments/Guitars/guitarT5/musi_guit_guitarT5.cdf,,,,,,,,,#2A1A18,1,0.4,#B49A9A,0,1,#5F0006,1,0.78,#411208,0.5,0.8,1,,,MXMI_Guitar,Guitar,,
GuitarLostT1,,,,GuitarT1,Lost,Objects/Instruments/Guitars/guitarT1/musi_guit_guitarT1.cdf,,,,,,,,,#252525,1,0.1,#A3A7AC,0.25,0.68,#A4A3A3,1,0.6,#A0A0A0,0.1,0.8,0.5,,,MXMI_Guitar,Guitar,,
GuitarLostT2,,,,GuitarT2,Lost,Objects/Instruments/Guitars/guitarT2/musi_guit_guitarT2.cdf,,,,,,,,,#252525,1,0.1,#A3A7AC,0.25,0.68,#A4A3A3,1,0.6,#A0A0A0,0.1,0.8,0.5,,,MXMI_Guitar,Guitar,,
GuitarLostT3,,,,GuitarT3,Lost,Objects/Instruments/Guitars/guitarT3/musi_guit_guitarT3.cdf,,,,,,,,,#252525,1,0.1,#A3A7AC,0.25,0.68,#A4A3A3,1,0.6,#A0A0A0,0.1,0.8,0.5,,,MXMI_Guitar,Guitar,,
GuitarLostT4,,,,GuitarT4,Lost,Objects/Instruments/Guitars/guitarT4/musi_guit_guitarT4.cdf,,,,,,,,,#252525,1,0.1,#A3A7AC,0.25,0.68,#A4A3A3,1,0.6,#A0A0A0,0.1,0.8,0.5,,,MXMI_Guitar,Guitar,,
GuitarLostT5,,,,GuitarT5,Lost,Objects/Instruments/Guitars/guitarT5/musi_guit_guitarT5.cdf,,,,,,,,,#252525,1,0.1,#A3A7AC,0.25,0.68,#A4A3A3,1,0.6,#A0A0A0,0.1,0.8,0.5,,,MXMI_Guitar,Guitar,,
GuitarAncientT1,,,,GuitarT1,Ancient,Objects/Instruments/Guitars/guitarT1/musi_guit_guitarT1.cdf,,,,,,,,,#532311,1,0.5,#999999,0.3,0.3,#895B30,1,0.8,#AA865A,0.5,0.8,0.5,,,MXMI_Guitar,Guitar,,
GuitarAncientT2,,,,GuitarT2,Ancient,Objects/Instruments/Guitars/guitarT2/musi_guit_guitarT2.cdf,,,,,,,,,#532311,1,0.5,#999999,0.3,0.3,#895B30,1,0.8,#AA865A,0.5,0.8,0.5,,,MXMI_Guitar,Guitar,,
GuitarAncientT3,,,,GuitarT3,Ancient,Objects/Instruments/Guitars/guitarT3/musi_guit_guitarT3.cdf,,,,,,,,,#532311,1,0.5,#999999,0.3,0.3,#895B30,1,0.8,#AA865A,0.5,0.8,0.5,,,MXMI_Guitar,Guitar,,
GuitarAncientT4,,,,GuitarT4,Ancient,Objects/Instruments/Guitars/guitarT4/musi_guit_guitarT4.cdf,,,,,,,,,#532311,1,0.5,#999999,0.3,0.3,#895B30,1,0.8,#AA865A,0.5,0.8,0.5,,,MXMI_Guitar,Guitar,,
GuitarAncientT5,,,,GuitarT5,Ancient,Objects/Instruments/Guitars/guitarT5/musi_guit_guitarT5.cdf,,,,,,,,,#532311,1,0.5,#999999,0.3,0.3,#895B30,1,0.8,#AA865A,0.5,0.8,0.5,,,MXMI_Guitar,Guitar,,
GuitarFaeT3,,,,GuitarT3,Fae,Objects/Instruments/Guitars/guitarT3/musi_guit_guitarT3.cdf,,,,,,,,,#007400,0.5,1,#AFB645,0.5,1,#B67F58,0.5,1,#3D3D3D,0.6,0.8,0.7,#2C9D41,3,MXMI_Guitar,Guitar,,
GuitarFaeT4,,,,GuitarT4,Fae,Objects/Instruments/Guitars/guitarT4/musi_guit_guitarT4.cdf,,,,,,,,,#007400,0.5,1,#AFB645,0.5,1,#B67F58,0.5,1,#3D3D3D,0.6,0.8,0.7,#2C9D41,3,MXMI_Guitar,Guitar,,
GuitarFaeT5,,,,GuitarT5,Fae,Objects/Instruments/Guitars/guitarT5/musi_guit_guitarT5.cdf,,,,,,,,,#007400,0.5,1,#AFB645,0.5,1,#B67F58,0.5,1,#3D3D3D,0.6,0.8,0.7,#2C9D41,3,MXMI_Guitar,Guitar,,
GuitarGlassT3,,,,GuitarT3,Glass,Objects/Instruments/Guitars/guitarT3/musi_guit_guitarT3.cdf,,,,,,,,,#B8B8B8,0,0,#B8B8B8,0,0,#B8B8B8,0,0,#B8B8B8,0,0.5,0,,,MXMI_Guitar,Guitar,,
GuitarGlassT4,,,,GuitarT4,Glass,Objects/Instruments/Guitars/guitarT4/musi_guit_guitarT4.cdf,,,,,,,,,#B8B8B8,0,0,#B8B8B8,0,0,#B8B8B8,0,0,#B8B8B8,0,0.5,0,,,MXMI_Guitar,Guitar,,
GuitarGlassT5,,,,GuitarT5,Glass,Objects/Instruments/Guitars/guitarT5/musi_guit_guitarT5.cdf,,,,,,,,,#B8B8B8,0,0,#B8B8B8,0,0,#B8B8B8,0,0,#B8B8B8,0,0.5,0,,,MXMI_Guitar,Guitar,,
GuitarElegantT3,,,,GuitarT3,Elegant,Objects/Instruments/Guitars/guitarT3/musi_guit_guitarT3.cdf,,,,,,,,,#996C29,0.7,0.3,#00ACDB,0.1,1,#4893BA,0.5,1,#6C5A2F,0.35,0.8,0.7,#9E8818,5,MXMI_Guitar,Guitar,,
GuitarElegantT4,,,,GuitarT4,Elegant,Objects/Instruments/Guitars/guitarT4/musi_guit_guitarT4.cdf,,,,,,,,,#996C29,0.7,0.3,#00ACDB,0.1,1,#4893BA,0.5,1,#6C5A2F,0.35,0.8,0.7,#9E8818,5,MXMI_Guitar,Guitar,,
GuitarElegantT5,,,,GuitarT5,Elegant,Objects/Instruments/Guitars/guitarT5/musi_guit_guitarT5.cdf,,,,,,,,,#996C29,0.7,0.3,#00ACDB,0.1,1,#4893BA,0.5,1,#6C5A2F,0.35,0.8,0.7,#9E8818,5,MXMI_Guitar,Guitar,,
GuitarViciousT3,,,,GuitarT3,Vicious,Objects/Instruments/Guitars/guitarT3/musi_guit_guitarT3.cdf,,,,,,,,,#860000,0.7,0.3,#AE0000,0.3,1,#9D0000,0.5,1,#000000,0.35,0.8,0.7,,,MXMI_Guitar,Guitar,,
GuitarViciousT4,,,,GuitarT4,Vicious,Objects/Instruments/Guitars/guitarT4/musi_guit_guitarT4.cdf,,,,,,,,,#860000,0.7,0.3,#AE0000,0.3,1,#9D0000,0.5,1,#000000,0.35,0.8,0.7,,,MXMI_Guitar,Guitar,,
GuitarViciousT5,,,,GuitarT5,Vicious,Objects/Instruments/Guitars/guitarT5/musi_guit_guitarT5.cdf,,,,,,,,,#860000,0.7,0.3,#AE0000,0.3,1,#9D0000,0.5,1,#000000,0.35,0.8,0.7,,,MXMI_Guitar,Guitar,,
GuitarVinespunT3,,,,GuitarT3,Vinespun,Objects/Instruments/Guitars/guitarT3/musi_guit_guitarT3.cdf,,,,,,,,,#26ACCA,0.3,1,#C327CE,0.3,1,#0AEDDA,0.1,1,#A4669A,0.35,0.8,0.7,#00A095,5,MXMI_Guitar,Guitar,,
GuitarVinespunT4,,,,GuitarT4,Vinespun,Objects/Instruments/Guitars/guitarT4/musi_guit_guitarT4.cdf,,,,,,,,,#26ACCA,0.3,1,#C327CE,0.3,1,#0AEDDA,0.1,1,#A4669A,0.35,0.8,0.7,#00A095,5,MXMI_Guitar,Guitar,,
GuitarVinespunT5,,,,GuitarT5,Vinespun,Objects/Instruments/Guitars/guitarT5/musi_guit_guitarT5.cdf,,,,,,,,,#26ACCA,0.3,1,#C327CE,0.3,1,#0AEDDA,0.1,1,#A4669A,0.35,0.8,0.7,#00A095,5,MXMI_Guitar,Guitar,,
GuitarVoidbentT3,,,,GuitarT3,Voidbent,Objects/Instruments/Guitars/guitarT3/musi_guit_guitarT3.cdf,,,,,,,,,#1278A3,0.4,1,#9377B9,0.5,1,#D4D4EE,1,0.3,#666677,0.1,0.8,0.5,,,MXMI_Guitar,Guitar,,
GuitarVoidbentT4,,,,GuitarT4,Voidbent,Objects/Instruments/Guitars/guitarT4/musi_guit_guitarT4.cdf,,,,,,,,,#1278A3,0.4,1,#9377B9,0.5,1,#D4D4EE,1,0.3,#666677,0.1,0.8,0.5,,,MXMI_Guitar,Guitar,,
GuitarVoidbentT5,,,,GuitarT5,Voidbent,Objects/Instruments/Guitars/guitarT5/musi_guit_guitarT5.cdf,,,,,,,,,#1278A3,0.4,1,#9377B9,0.5,1,#D4D4EE,1,0.3,#666677,0.1,0.8,0.5,,,MXMI_Guitar,Guitar,,
GuitarWaveborneT3,,,,GuitarT3,Waveborne,Objects/Instruments/Guitars/guitarT3/musi_guit_guitarT3.cdf,,,,,,,,,#1BC7C2,0.3,1,#80EEB7,0.05,1,#54FFFF,0.1,1,#856C39,0.5,0.8,0.7,,,MXMI_Guitar,Guitar,,
GuitarWaveborneT4,,,,GuitarT4,Waveborne,Objects/Instruments/Guitars/guitarT4/musi_guit_guitarT4.cdf,,,,,,,,,#1BC7C2,0.3,1,#80EEB7,0.05,1,#54FFFF,0.1,1,#856C39,0.5,0.8,0.7,,,MXMI_Guitar,Guitar,,
GuitarWaveborneT5,,,,GuitarT5,Waveborne,Objects/Instruments/Guitars/guitarT5/musi_guit_guitarT5.cdf,,,,,,,,,#1BC7C2,0.3,1,#80EEB7,0.05,1,#54FFFF,0.1,1,#856C39,0.5,0.8,0.7,,,MXMI_Guitar,Guitar,,
GuitarImmolatedT3,,,,GuitarT3,Immolated,Objects/Instruments/Guitars/guitarT3/musi_guit_guitarT3.cdf,,,,,,,,,#540000,0.7,1,#A35E00,0.5,1,#B3B3B3,0.1,1,#790002,0.35,0.8,0.7,#FF7200,2,MXMI_Guitar,Guitar,,
GuitarImmolatedT4,,,,GuitarT4,Immolated,Objects/Instruments/Guitars/guitarT4/musi_guit_guitarT4.cdf,,,,,,,,,#540000,0.7,1,#A35E00,0.5,1,#B3B3B3,0.1,1,#790002,0.35,0.8,0.7,#FF7200,2,MXMI_Guitar,Guitar,,
GuitarImmolatedT5,,,,GuitarT5,Immolated,Objects/Instruments/Guitars/guitarT5/musi_guit_guitarT5.cdf,,,,,,,,,#540000,0.7,1,#A35E00,0.5,1,#B3B3B3,0.1,1,#790002,0.35,0.8,0.7,#FF7200,2,MXMI_Guitar,Guitar,,
GuitarEtherealT3,,,,GuitarT3,Ethereal,Objects/Instruments/Guitars/guitarT3/musi_guit_guitarT3.cdf,,,,,,,,,#A38C76,0.7,0.5,#2FCCE4,0.1,1,#CC815B,0.1,1,#58566C,0.35,0.5,0.5,#80D3FF,3,MXMI_Guitar,Guitar,,
GuitarEtherealT4,,,,GuitarT4,Ethereal,Objects/Instruments/Guitars/guitarT4/musi_guit_guitarT4.cdf,,,,,,,,,#A38C76,0.7,0.5,#2FCCE4,0.1,1,#CC815B,0.1,1,#58566C,0.35,0.5,0.5,#80D3FF,3,MXMI_Guitar,Guitar,,
GuitarEtherealT5,,,,GuitarT5,Ethereal,Objects/Instruments/Guitars/guitarT5/musi_guit_guitarT5.cdf,,,,,,,,,#A38C76,0.7,0.5,#2FCCE4,0.1,1,#CC815B,0.1,1,#58566C,0.35,0.5,0.5,#80D3FF,3,MXMI_Guitar,Guitar,,
GuitarAbyssalT3,,,,GuitarT3,Abyssal,Objects/Instruments/Guitars/guitarT3/musi_guit_guitarT3.cdf,,,,,,,,,#26037F,0.7,0.3,#8982A0,0.3,1,#432C99,0.1,1,#37044C,0.35,0.8,0.7,#A465CE,5,MXMI_Guitar,Guitar,,
GuitarAbyssalT4,,,,GuitarT4,Abyssal,Objects/Instruments/Guitars/guitarT4/musi_guit_guitarT4.cdf,,,,,,,,,#26037F,0.7,0.3,#8982A0,0.3,1,#432C99,0.1,1,#37044C,0.35,0.8,0.7,#A465CE,5,MXMI_Guitar,Guitar,,
GuitarAbyssalT5,,,,GuitarT5,Abyssal,Objects/Instruments/Guitars/guitarT5/musi_guit_guitarT5.cdf,,,,,,,,,#26037F,0.7,0.3,#8982A0,0.3,1,#432C99,0.1,1,#37044C,0.35,0.8,0.7,#A465CE,5,MXMI_Guitar,Guitar,,
GuitarMarauderT3,,,,GuitarT3,Marauder,Objects/Instruments/Guitars/guitarT3/musi_guit_guitarT3.cdf,,,,,,,,,#00710D,0.01,1,#B0924C,0.1,1,#656565,0.1,1,#6D5C31,0.35,0.8,0.7,#007D00,5,MXMI_Guitar,Guitar,,
GuitarMarauderT4,,,,GuitarT4,Marauder,Objects/Instruments/Guitars/guitarT4/musi_guit_guitarT4.cdf,,,,,,,,,#00710D,0.01,1,#B0924C,0.1,1,#656565,0.1,1,#6D5C31,0.35,0.8,0.7,#007D00,5,MXMI_Guitar,Guitar,,
GuitarMarauderT5,,,,GuitarT4,Marauder,Objects/Instruments/Guitars/guitarT5/musi_guit_guitarT5.cdf,,,,,,,,,#00710D,0.01,1,#B0924C,0.1,1,#656565,0.1,1,#6D5C31,0.35,0.8,0.7,#007D00,5,MXMI_Guitar,Guitar,,
GuitarSyndicateT3,,,,GuitarT3,Syndicate,Objects/Instruments/Guitars/guitarT3/musi_guit_guitarT3.cdf,,,,,,,,,#77568E,0.1,1,#688BAC,0.1,1,#D3BFDA,0.2,1,#5C4A65,0.35,0.6,1,#7AA8FD,5,MXMI_Guitar,Guitar,,
GuitarSyndicateT4,,,,GuitarT4,Syndicate,Objects/Instruments/Guitars/guitarT4/musi_guit_guitarT4.cdf,,,,,,,,,#77568E,0.1,1,#688BAC,0.1,1,#D3BFDA,0.2,1,#5C4A65,0.35,0.6,1,#7AA8FD,5,MXMI_Guitar,Guitar,,
GuitarSyndicateT5,,,,GuitarT5,Syndicate,Objects/Instruments/Guitars/guitarT5/musi_guit_guitarT5.cdf,,,,,,,,,#77568E,0.1,1,#688BAC,0.1,1,#D3BFDA,0.2,1,#5C4A65,0.35,0.6,1,#7AA8FD,5,MXMI_Guitar,Guitar,,
GuitarCovenantT3,,,,GuitarT3,Covenant,Objects/Instruments/Guitars/guitarT3/musi_guit_guitarT3.cdf,,,,,,,,,#CA5A19,0.01,1,#FFCE3B,0.01,1,#AEAEAE,0.2,1,#683F27,0.6,0.8,0.7,#BC0C0E,5,MXMI_Guitar,Guitar,,
GuitarCovenantT4,,,,GuitarT4,Covenant,Objects/Instruments/Guitars/guitarT4/musi_guit_guitarT4.cdf,,,,,,,,,#CA5A19,0.01,1,#FFCE3B,0.01,1,#AEAEAE,0.2,1,#683F27,0.6,0.8,0.7,#BC0C0E,5,MXMI_Guitar,Guitar,,
GuitarCovenantT5,,,,GuitarT5,Covenant,Objects/Instruments/Guitars/guitarT5/musi_guit_guitarT5.cdf,,,,,,,,,#CA5A19,0.01,1,#FFCE3B,0.01,1,#AEAEAE,0.2,1,#683F27,0.6,0.8,0.7,#BC0C0E,5,MXMI_Guitar,Guitar,,
URBassT1,,,,BassT1,Stone / Wood,Objects/Instruments/URBasses/URBassT1/musi_urba_urbassT1.cdf,,,,,,,,,#B8B8B8,0,0,#B8B8B8,0,0,#B8B8B8,0,0,#B8B8B8,0,0.5,0,,,MXMI_UprightBass,Bass,,
URBassT2,@URBassT2_TransmogName,,EquippableTool+InstrumentUprightBass,BassT2,Iron,Objects/Instruments/URBasses/URBassT2/musi_urba_urbassT2.cdf,,,,,,,,,#B8B8B8,0,0,#B8B8B8,0,0,#B8B8B8,0,0,#B8B8B8,0,0.5,0,,,MXMI_UprightBass,Bass,lyshineui/images/icons/items/MusicalActions/URBassT2.png,lyshineui/images/icons/items_hires/URBassT2.png
URBassT3,@URBassT3_TransmogName,,EquippableTool+InstrumentUprightBass,BassT3,Steel,Objects/Instruments/URBasses/URBassT3/musi_urba_urbassT3.cdf,,,,,,,,,#B8B8B8,0,0,#B8B8B8,0,0,#B8B8B8,0,0,#B8B8B8,0,0.5,0,,,MXMI_UprightBass,Bass,lyshineui/images/icons/items/MusicalActions/URBassT3.png,lyshineui/images/icons/items_hires/URBassT3.png
URBassT4,@URBassT4_TransmogName,,EquippableTool+InstrumentUprightBass,BassT4,Starmetal,Objects/Instruments/URBasses/URBassT4/musi_urba_urbassT4.cdf,,,,,,,,,#B8B8B8,0,0,#B8B8B8,0,0,#B8B8B8,0,0,#B8B8B8,0,0.5,0,,,MXMI_UprightBass,Bass,lyshineui/images/icons/items/MusicalActions/URBassT4.png,lyshineui/images/icons/items_hires/URBassT4.png
URBassT5,@URBassT5_TransmogName,,EquippableTool+InstrumentUprightBass,BassT5,Orichalcum,Objects/Instruments/URBasses/URBassT5/musi_urba_urbassT5.cdf,,,,,,,,,#B8B8B8,0,0,#B8B8B8,0,0,#B8B8B8,0,0,#B8B8B8,0,0.5,0,,,MXMI_UprightBass,Bass,lyshineui/images/icons/items/MusicalActions/URBassT5.png,lyshineui/images/icons/items_hires/URBassT5.png
URBassAngryEarthT1,,,,BassT1,AngryEarth,Objects/Instruments/URBasses/URBassT1/musi_urba_urbassT1.cdf,,,,,,,,,#4B5F8E,1,0.5,#A3A7AC,0.25,0.68,#849B6C,1,0.28,#86BDFF,0.5,0.8,0.5,#63C5DA,10,MXMI_UprightBass,Bass,,
URBassAngryEarthT2,,,,BassT2,AngryEarth,Objects/Instruments/URBasses/URBassT2/musi_urba_urbassT2.cdf,,,,,,,,,#4B5F8E,1,0.5,#A3A7AC,0.25,0.68,#849B6C,1,0.28,#86BDFF,0.5,0.8,0.5,#63C5DA,10,MXMI_UprightBass,Bass,,
URBassAngryEarthT3,,,,BassT3,AngryEarth,Objects/Instruments/URBasses/URBassT3/musi_urba_urbassT3.cdf,,,,,,,,,#4B5F8E,1,0.5,#A3A7AC,0.25,0.68,#849B6C,1,0.28,#86BDFF,0.5,0.8,0.5,#63C5DA,10,MXMI_UprightBass,Bass,,
URBassAngryEarthT4,,,,BassT4,AngryEarth,Objects/Instruments/URBasses/URBassT4/musi_urba_urbassT4.cdf,,,,,,,,,#4B5F8E,1,0.5,#A3A7AC,0.25,0.68,#849B6C,1,0.28,#86BDFF,0.5,0.8,0.5,#63C5DA,10,MXMI_UprightBass,Bass,,
URBassAngryEarthT5,,,,BassT5,AngryEarth,Objects/Instruments/URBasses/URBassT5/musi_urba_urbassT5.cdf,,,,,,,,,#4B5F8E,1,0.5,#A3A7AC,0.25,0.68,#849B6C,1,0.28,#86BDFF,0.5,0.8,0.5,#63C5DA,10,MXMI_UprightBass,Bass,,
URBassCorruptedT1,,,,BassT1,Corrupted,Objects/Instruments/URBasses/URBassT1/musi_urba_urbassT1.cdf,,,,,,,,,#2A1A18,1,0.4,#B49A9A,0,1,#5F0006,1,0.78,#411208,0.5,0.8,1,,,MXMI_UprightBass,Bass,,
URBassCorruptedT2,,,,BassT2,Corrupted,Objects/Instruments/URBasses/URBassT2/musi_urba_urbassT2.cdf,,,,,,,,,#2A1A18,1,0.4,#B49A9A,0,1,#5F0006,1,0.78,#411208,0.5,0.8,1,,,MXMI_UprightBass,Bass,,
URBassCorruptedT3,,,,BassT3,Corrupted,Objects/Instruments/URBasses/URBassT3/musi_urba_urbassT3.cdf,,,,,,,,,#2A1A18,1,0.4,#B49A9A,0,1,#5F0006,1,0.78,#411208,0.5,0.8,1,,,MXMI_UprightBass,Bass,,
URBassCorruptedT4,,,,BassT4,Corrupted,Objects/Instruments/URBasses/URBassT4/musi_urba_urbassT4.cdf,,,,,,,,,#2A1A18,1,0.4,#B49A9A,0,1,#5F0006,1,0.78,#411208,0.5,0.8,1,,,MXMI_UprightBass,Bass,,
URBassCorruptedT5,,,,BassT5,Corrupted,Objects/Instruments/URBasses/URBassT5/musi_urba_urbassT5.cdf,,,,,,,,,#2A1A18,1,0.4,#B49A9A,0,1,#5F0006,1,0.78,#411208,0.5,0.8,1,,,MXMI_UprightBass,Bass,,
URBassLostT1,,,,BassT1,Lost,Objects/Instruments/URBasses/URBassT1/musi_urba_urbassT1.cdf,,,,,,,,,#252525,1,0.1,#A3A7AC,0.25,0.68,#A4A3A3,1,0.6,#A0A0A0,0.1,0.8,0.5,,,MXMI_UprightBass,Bass,,
URBassLostT2,,,,BassT2,Lost,Objects/Instruments/URBasses/URBassT2/musi_urba_urbassT2.cdf,,,,,,,,,#252525,1,0.1,#A3A7AC,0.25,0.68,#A4A3A3,1,0.6,#A0A0A0,0.1,0.8,0.5,,,MXMI_UprightBass,Bass,,
URBassLostT3,,,,BassT3,Lost,Objects/Instruments/URBasses/URBassT3/musi_urba_urbassT3.cdf,,,,,,,,,#252525,1,0.1,#A3A7AC,0.25,0.68,#A4A3A3,1,0.6,#A0A0A0,0.1,0.8,0.5,,,MXMI_UprightBass,Bass,,
URBassLostT4,,,,BassT4,Lost,Objects/Instruments/URBasses/URBassT4/musi_urba_urbassT4.cdf,,,,,,,,,#252525,1,0.1,#A3A7AC,0.25,0.68,#A4A3A3,1,0.6,#A0A0A0,0.1,0.8,0.5,,,MXMI_UprightBass,Bass,,
URBassLostT5,,,,BassT5,Lost,Objects/Instruments/URBasses/URBassT5/musi_urba_urbassT5.cdf,,,,,,,,,#252525,1,0.1,#A3A7AC,0.25,0.68,#A4A3A3,1,0.6,#A0A0A0,0.1,0.8,0.5,,,MXMI_UprightBass,Bass,,
URBassAncientT1,,,,BassT1,Ancient,Objects/Instruments/URBasses/URBassT1/musi_urba_urbassT1.cdf,,,,,,,,,#532311,1,0.5,#999999,0.3,0.3,#895B30,1,0.8,#AA865A,0.5,0.8,0.5,,,MXMI_UprightBass,Bass,,
URBassAncientT2,,,,BassT2,Ancient,Objects/Instruments/URBasses/URBassT2/musi_urba_urbassT2.cdf,,,,,,,,,#532311,1,0.5,#999999,0.3,0.3,#895B30,1,0.8,#AA865A,0.5,0.8,0.5,,,MXMI_UprightBass,Bass,,
URBassAncientT3,,,,BassT3,Ancient,Objects/Instruments/URBasses/URBassT3/musi_urba_urbassT3.cdf,,,,,,,,,#532311,1,0.5,#999999,0.3,0.3,#895B30,1,0.8,#AA865A,0.5,0.8,0.5,,,MXMI_UprightBass,Bass,,
URBassAncientT4,,,,BassT4,Ancient,Objects/Instruments/URBasses/URBassT4/musi_urba_urbassT4.cdf,,,,,,,,,#532311,1,0.5,#999999,0.3,0.3,#895B30,1,0.8,#AA865A,0.5,0.8,0.5,,,MXMI_UprightBass,Bass,,
URBassAncientT5,,,,BassT5,Ancient,Objects/Instruments/URBasses/URBassT5/musi_urba_urbassT5.cdf,,,,,,,,,#532311,1,0.5,#999999,0.3,0.3,#895B30,1,0.8,#AA865A,0.5,0.8,0.5,,,MXMI_UprightBass,Bass,,
URBassFaeT3,,,,BassT3,Fae,Objects/Instruments/URBasses/URBassT3/musi_urba_urbassT3.cdf,,,,,,,,,#007400,0.5,1,#AFB645,0.5,1,#B67F58,0.5,1,#3D3D3D,0.6,0.8,0.7,#2C9D41,3,MXMI_UprightBass,Bass,,
URBassFaeT4,,,,BassT4,Fae,Objects/Instruments/URBasses/URBassT4/musi_urba_urbassT4.cdf,,,,,,,,,#007400,0.5,1,#AFB645,0.5,1,#B67F58,0.5,1,#3D3D3D,0.6,0.8,0.7,#2C9D41,3,MXMI_UprightBass,Bass,,
URBassFaeT5,,,,BassT5,Fae,Objects/Instruments/URBasses/URBassT5/musi_urba_urbassT5.cdf,,,,,,,,,#007400,0.5,1,#AFB645,0.5,1,#B67F58,0.5,1,#3D3D3D,0.6,0.8,0.7,#2C9D41,3,MXMI_UprightBass,Bass,,
URBassGlassT3,,,,BassT3,Glass,Objects/Instruments/URBasses/URBassT3/musi_urba_urbassT3.cdf,,,,,,,,,#B8B8B8,0,0,#B8B8B8,0,0,#B8B8B8,0,0,#B8B8B8,0,0.5,0,,,MXMI_UprightBass,Bass,,
URBassGlassT4,,,,BassT4,Glass,Objects/Instruments/URBasses/URBassT4/musi_urba_urbassT4.cdf,,,,,,,,,#B8B8B8,0,0,#B8B8B8,0,0,#B8B8B8,0,0,#B8B8B8,0,0.5,0,,,MXMI_UprightBass,Bass,,
URBassGlassT5,,,,BassT5,Glass,Objects/Instruments/URBasses/URBassT5/musi_urba_urbassT5.cdf,,,,,,,,,#B8B8B8,0,0,#B8B8B8,0,0,#B8B8B8,0,0,#B8B8B8,0,0.5,0,,,MXMI_UprightBass,Bass,,
URBassElegantT3,,,,BassT3,Elegant,Objects/Instruments/URBasses/URBassT3/musi_urba_urbassT3.cdf,,,,,,,,,#996C29,0.7,0.3,#00ACDB,0.1,1,#4893BA,0.5,1,#6C5A2F,0.35,0.8,0.7,#9E8818,5,MXMI_UprightBass,Bass,,
URBassElegantT4,,,,BassT4,Elegant,Objects/Instruments/URBasses/URBassT4/musi_urba_urbassT4.cdf,,,,,,,,,#996C29,0.7,0.3,#00ACDB,0.1,1,#4893BA,0.5,1,#6C5A2F,0.35,0.8,0.7,#9E8818,5,MXMI_UprightBass,Bass,,
URBassElegantT5,,,,BassT5,Elegant,Objects/Instruments/URBasses/URBassT5/musi_urba_urbassT5.cdf,,,,,,,,,#996C29,0.7,0.3,#00ACDB,0.1,1,#4893BA,0.5,1,#6C5A2F,0.35,0.8,0.7,#9E8818,5,MXMI_UprightBass,Bass,,
URBassViciousT3,,,,BassT3,Vicious,Objects/Instruments/URBasses/URBassT3/musi_urba_urbassT3.cdf,,,,,,,,,#860000,0.7,0.3,#AE0000,0.3,1,#9D0000,0.5,1,#000000,0.35,0.8,0.7,,,MXMI_UprightBass,Bass,,
URBassViciousT4,,,,BassT4,Vicious,Objects/Instruments/URBasses/URBassT4/musi_urba_urbassT4.cdf,,,,,,,,,#860000,0.7,0.3,#AE0000,0.3,1,#9D0000,0.5,1,#000000,0.35,0.8,0.7,,,MXMI_UprightBass,Bass,,
URBassViciousT5,,,,BassT5,Vicious,Objects/Instruments/URBasses/URBassT5/musi_urba_urbassT5.cdf,,,,,,,,,#860000,0.7,0.3,#AE0000,0.3,1,#9D0000,0.5,1,#000000,0.35,0.8,0.7,,,MXMI_UprightBass,Bass,,
URBassVinespunT3,,,,BassT3,Vinespun,Objects/Instruments/URBasses/URBassT3/musi_urba_urbassT3.cdf,,,,,,,,,#26ACCA,0.3,1,#C327CE,0.3,1,#0AEDDA,0.1,1,#A4669A,0.35,0.8,0.7,#00A095,5,MXMI_UprightBass,Bass,,
URBassVinespunT4,,,,BassT4,Vinespun,Objects/Instruments/URBasses/URBassT4/musi_urba_urbassT4.cdf,,,,,,,,,#26ACCA,0.3,1,#C327CE,0.3,1,#0AEDDA,0.1,1,#A4669A,0.35,0.8,0.7,#00A095,5,MXMI_UprightBass,Bass,,
URBassVinespunT5,,,,BassT5,Vinespun,Objects/Instruments/URBasses/URBassT5/musi_urba_urbassT5.cdf,,,,,,,,,#26ACCA,0.3,1,#C327CE,0.3,1,#0AEDDA,0.1,1,#A4669A,0.35,0.8,0.7,#00A095,5,MXMI_UprightBass,Bass,,
URBassVoidbentT3,,,,BassT3,Voidbent,Objects/Instruments/URBasses/URBassT3/musi_urba_urbassT3.cdf,,,,,,,,,#1278A3,0.4,1,#9377B9,0.5,1,#D4D4EE,1,0.3,#666677,0.1,0.8,0.5,,,MXMI_UprightBass,Bass,,
URBassVoidbentT4,,,,BassT4,Voidbent,Objects/Instruments/URBasses/URBassT4/musi_urba_urbassT4.cdf,,,,,,,,,#1278A3,0.4,1,#9377B9,0.5,1,#D4D4EE,1,0.3,#666677,0.1,0.8,0.5,,,MXMI_UprightBass,Bass,,
URBassVoidbentT5,,,,BassT5,Voidbent,Objects/Instruments/URBasses/URBassT5/musi_urba_urbassT5.cdf,,,,,,,,,#1278A3,0.4,1,#9377B9,0.5,1,#D4D4EE,1,0.3,#666677,0.1,0.8,0.5,,,MXMI_UprightBass,Bass,,
URBassWaveborneT3,,,,BassT3,Waveborne,Objects/Instruments/URBasses/URBassT3/musi_urba_urbassT3.cdf,,,,,,,,,#1BC7C2,0.3,1,#80EEB7,0.05,1,#54FFFF,0.1,1,#856C39,0.5,0.8,0.7,,,MXMI_UprightBass,Bass,,
URBassWaveborneT4,,,,BassT4,Waveborne,Objects/Instruments/URBasses/URBassT4/musi_urba_urbassT4.cdf,,,,,,,,,#1BC7C2,0.3,1,#80EEB7,0.05,1,#54FFFF,0.1,1,#856C39,0.5,0.8,0.7,,,MXMI_UprightBass,Bass,,
URBassWaveborneT5,,,,BassT5,Waveborne,Objects/Instruments/URBasses/URBassT5/musi_urba_urbassT5.cdf,,,,,,,,,#1BC7C2,0.3,1,#80EEB7,0.05,1,#54FFFF,0.1,1,#856C39,0.5,0.8,0.7,,,MXMI_UprightBass,Bass,,
URBassImmolatedT3,,,,BassT3,Immolated,Objects/Instruments/URBasses/URBassT3/musi_urba_urbassT3.cdf,,,,,,,,,#540000,0.7,1,#A35E00,0.5,1,#B3B3B3,0.1,1,#790002,0.35,0.8,0.7,#FF7200,2,MXMI_UprightBass,Bass,,
URBassImmolatedT4,,,,BassT4,Immolated,Objects/Instruments/URBasses/URBassT4/musi_urba_urbassT4.cdf,,,,,,,,,#540000,0.7,1,#A35E00,0.5,1,#B3B3B3,0.1,1,#790002,0.35,0.8,0.7,#FF7200,2,MXMI_UprightBass,Bass,,
URBassImmolatedT5,,,,BassT5,Immolated,Objects/Instruments/URBasses/URBassT5/musi_urba_urbassT5.cdf,,,,,,,,,#540000,0.7,1,#A35E00,0.5,1,#B3B3B3,0.1,1,#790002,0.35,0.8,0.7,#FF7200,2,MXMI_UprightBass,Bass,,
URBassEtherealT3,,,,BassT3,Ethereal,Objects/Instruments/URBasses/URBassT3/musi_urba_urbassT3.cdf,,,,,,,,,#A38C76,0.7,0.5,#2FCCE4,0.1,1,#CC815B,0.1,1,#58566C,0.35,0.5,0.5,#80D3FF,3,MXMI_UprightBass,Bass,,
URBassEtherealT4,,,,BassT4,Ethereal,Objects/Instruments/URBasses/URBassT4/musi_urba_urbassT4.cdf,,,,,,,,,#A38C76,0.7,0.5,#2FCCE4,0.1,1,#CC815B,0.1,1,#58566C,0.35,0.5,0.5,#80D3FF,3,MXMI_UprightBass,Bass,,
URBassEtherealT5,,,,BassT5,Ethereal,Objects/Instruments/URBasses/URBassT5/musi_urba_urbassT5.cdf,,,,,,,,,#A38C76,0.7,0.5,#2FCCE4,0.1,1,#CC815B,0.1,1,#58566C,0.35,0.5,0.5,#80D3FF,3,MXMI_UprightBass,Bass,,
URBassAbyssalT3,,,,BassT3,Abyssal,Objects/Instruments/URBasses/URBassT3/musi_urba_urbassT3.cdf,,,,,,,,,#26037F,0.7,0.3,#8982A0,0.3,1,#432C99,0.1,1,#37044C,0.35,0.8,0.7,#A465CE,5,MXMI_UprightBass,Bass,,
URBassAbyssalT4,,,,BassT4,Abyssal,Objects/Instruments/URBasses/URBassT4/musi_urba_urbassT4.cdf,,,,,,,,,#26037F,0.7,0.3,#8982A0,0.3,1,#432C99,0.1,1,#37044C,0.35,0.8,0.7,#A465CE,5,MXMI_UprightBass,Bass,,
URBassAbyssalT5,,,,BassT5,Abyssal,Objects/Instruments/URBasses/URBassT5/musi_urba_urbassT5.cdf,,,,,,,,,#26037F,0.7,0.3,#8982A0,0.3,1,#432C99,0.1,1,#37044C,0.35,0.8,0.7,#A465CE,5,MXMI_UprightBass,Bass,,
URBassMarauderT3,,,,BassT3,Marauder,Objects/Instruments/URBasses/URBassT3/musi_urba_urbassT3.cdf,,,,,,,,,#00710D,0.01,1,#B0924C,0.1,1,#656565,0.1,1,#6D5C31,0.35,0.8,0.7,#007D00,5,MXMI_UprightBass,Bass,,
URBassMarauderT4,,,,BassT4,Marauder,Objects/Instruments/URBasses/URBassT4/musi_urba_urbassT4.cdf,,,,,,,,,#00710D,0.01,1,#B0924C,0.1,1,#656565,0.1,1,#6D5C31,0.35,0.8,0.7,#007D00,5,MXMI_UprightBass,Bass,,
URBassMarauderT5,,,,BassT4,Marauder,Objects/Instruments/URBasses/URBassT5/musi_urba_urbassT5.cdf,,,,,,,,,#00710D,0.01,1,#B0924C,0.1,1,#656565,0.1,1,#6D5C31,0.35,0.8,0.7,#007D00,5,MXMI_UprightBass,Bass,,
URBassSyndicateT3,,,,BassT3,Syndicate,Objects/Instruments/URBasses/URBassT3/musi_urba_urbassT3.cdf,,,,,,,,,#77568E,0.1,1,#688BAC,0.1,1,#D3BFDA,0.2,1,#5C4A65,0.35,0.6,1,#7AA8FD,5,MXMI_UprightBass,Bass,,
URBassSyndicateT4,,,,BassT4,Syndicate,Objects/Instruments/URBasses/URBassT4/musi_urba_urbassT4.cdf,,,,,,,,,#77568E,0.1,1,#688BAC,0.1,1,#D3BFDA,0.2,1,#5C4A65,0.35,0.6,1,#7AA8FD,5,MXMI_UprightBass,Bass,,
URBassSyndicateT5,,,,BassT5,Syndicate,Objects/Instruments/URBasses/URBassT5/musi_urba_urbassT5.cdf,,,,,,,,,#77568E,0.1,1,#688BAC,0.1,1,#D3BFDA,0.2,1,#5C4A65,0.35,0.6,1,#7AA8FD,5,MXMI_UprightBass,Bass,,
URBassCovenantT3,,,,BassT3,Covenant,Objects/Instruments/URBasses/URBassT3/musi_urba_urbassT3.cdf,,,,,,,,,#CA5A19,0.01,1,#FFCE3B,0.01,1,#AEAEAE,0.2,1,#683F27,0.6,0.8,0.7,#BC0C0E,5,MXMI_UprightBass,Bass,,
URBassCovenantT4,,,,BassT4,Covenant,Objects/Instruments/URBasses/URBassT4/musi_urba_urbassT4.cdf,,,,,,,,,#CA5A19,0.01,1,#FFCE3B,0.01,1,#AEAEAE,0.2,1,#683F27,0.6,0.8,0.7,#BC0C0E,5,MXMI_UprightBass,Bass,,
URBassCovenantT5,,,,BassT5,Covenant,Objects/Instruments/URBasses/URBassT5/musi_urba_urbassT5.cdf,,,,,,,,,#CA5A19,0.01,1,#FFCE3B,0.01,1,#AEAEAE,0.2,1,#683F27,0.6,0.8,0.7,#BC0C0E,5,MXMI_UprightBass,Bass,,
AzothFluteT1,,,,FluteT1,Stone / Wood,Objects/Instruments/AzothFlutes/AzothFluteT1/musi_azfl_azothfluteT1.cdf,,,,,,,,,#B8B8B8,0,0,#B8B8B8,0,0,#B8B8B8,0,0,#B8B8B8,0,0.5,0,,,MXMI_Flute,Flute,,
AzothFluteT2,@AzothFluteT2_TransmogName,,EquippableTool+InstrumentFlute,FluteT2,Iron,Objects/Instruments/AzothFlutes/AzothFluteT2/musi_azfl_azothfluteT2.cdf,,,,,,,,,#B8B8B8,0,0,#B8B8B8,0,0,#B8B8B8,0,0,#B8B8B8,0,0.5,0,,,MXMI_Flute,Flute,lyshineui/images/icons/items/MusicalActions/AzothFluteT2.png,lyshineui/images/icons/items_hires/AzothFluteT2.png
AzothFluteT3,@AzothFluteT3_TransmogName,,EquippableTool+InstrumentFlute,FluteT3,Steel,Objects/Instruments/AzothFlutes/AzothFluteT3/musi_azfl_azothfluteT3.cdf,,,,,,,,,#B8B8B8,0,0,#B8B8B8,0,0,#B8B8B8,0,0,#B8B8B8,0,0.5,0,,,MXMI_Flute,Flute,lyshineui/images/icons/items/MusicalActions/AzothFluteT3.png,lyshineui/images/icons/items_hires/AzothFluteT3.png
AzothFluteT4,@AzothFluteT4_TransmogName,,EquippableTool+InstrumentFlute,FluteT4,Starmetal,Objects/Instruments/AzothFlutes/AzothFluteT4/musi_azfl_azothfluteT4.cdf,,,,,,,,,#B8B8B8,0,0,#B8B8B8,0,0,#B8B8B8,0,0,#B8B8B8,0,0.5,0,,,MXMI_Flute,Flute,lyshineui/images/icons/items/MusicalActions/AzothFluteT4.png,lyshineui/images/icons/items_hires/AzothFluteT4.png
AzothFluteT5,@AzothFluteT5_TransmogName,,EquippableTool+InstrumentFlute,FluteT5,Orichalcum,Objects/Instruments/AzothFlutes/AzothFluteT5/musi_azfl_azothfluteT5.cdf,,,,,,,,,#B8B8B8,0,0,#B8B8B8,0,0,#B8B8B8,0,0,#B8B8B8,0,0.5,0,,,MXMI_Flute,Flute,lyshineui/images/icons/items/MusicalActions/AzothFluteT5.png,lyshineui/images/icons/items_hires/AzothFluteT5.png
AzothFluteAngryEarthT1,,,,FluteT1,AngryEarth,Objects/Instruments/AzothFlutes/AzothFluteT1/musi_azfl_azothfluteT1.cdf,,,,,,,,,#4B5F8E,1,0.5,#A3A7AC,0.25,0.68,#849B6C,1,0.28,#86BDFF,0.5,0.8,0.5,#63C5DA,10,MXMI_Flute,Flute,,
AzothFluteAngryEarthT2,,,,FluteT2,AngryEarth,Objects/Instruments/AzothFlutes/AzothFluteT2/musi_azfl_azothfluteT2.cdf,,,,,,,,,#4B5F8E,1,0.5,#A3A7AC,0.25,0.68,#849B6C,1,0.28,#86BDFF,0.5,0.8,0.5,#63C5DA,10,MXMI_Flute,Flute,,
AzothFluteAngryEarthT3,,,,FluteT3,AngryEarth,Objects/Instruments/AzothFlutes/AzothFluteT3/musi_azfl_azothfluteT3.cdf,,,,,,,,,#4B5F8E,1,0.5,#A3A7AC,0.25,0.68,#849B6C,1,0.28,#86BDFF,0.5,0.8,0.5,#63C5DA,10,MXMI_Flute,Flute,,
AzothFluteAngryEarthT4,,,,FluteT4,AngryEarth,Objects/Instruments/AzothFlutes/AzothFluteT4/musi_azfl_azothfluteT4.cdf,,,,,,,,,#4B5F8E,1,0.5,#A3A7AC,0.25,0.68,#849B6C,1,0.28,#86BDFF,0.5,0.8,0.5,#63C5DA,10,MXMI_Flute,Flute,,
AzothFluteAngryEarthT5,,,,FluteT5,AngryEarth,Objects/Instruments/AzothFlutes/AzothFluteT5/musi_azfl_azothfluteT5.cdf,,,,,,,,,#4B5F8E,1,0.5,#A3A7AC,0.25,0.68,#849B6C,1,0.28,#86BDFF,0.5,0.8,0.5,#63C5DA,10,MXMI_Flute,Flute,,
AzothFluteCorruptedT1,,,,FluteT1,Corrupted,Objects/Instruments/AzothFlutes/AzothFluteT1/musi_azfl_azothfluteT1.cdf,,,,,,,,,#2A1A18,1,0.4,#B49A9A,0,1,#5F0006,1,0.78,#411208,0.5,0.8,1,,,MXMI_Flute,Flute,,
AzothFluteCorruptedT2,,,,FluteT2,Corrupted,Objects/Instruments/AzothFlutes/AzothFluteT2/musi_azfl_azothfluteT2.cdf,,,,,,,,,#2A1A18,1,0.4,#B49A9A,0,1,#5F0006,1,0.78,#411208,0.5,0.8,1,,,MXMI_Flute,Flute,,
AzothFluteCorruptedT3,,,,FluteT3,Corrupted,Objects/Instruments/AzothFlutes/AzothFluteT3/musi_azfl_azothfluteT3.cdf,,,,,,,,,#2A1A18,1,0.4,#B49A9A,0,1,#5F0006,1,0.78,#411208,0.5,0.8,1,,,MXMI_Flute,Flute,,
AzothFluteCorruptedT4,,,,FluteT4,Corrupted,Objects/Instruments/AzothFlutes/AzothFluteT4/musi_azfl_azothfluteT4.cdf,,,,,,,,,#2A1A18,1,0.4,#B49A9A,0,1,#5F0006,1,0.78,#411208,0.5,0.8,1,,,MXMI_Flute,Flute,,
AzothFluteCorruptedT5,,,,FluteT5,Corrupted,Objects/Instruments/AzothFlutes/AzothFluteT5/musi_azfl_azothfluteT5.cdf,,,,,,,,,#2A1A18,1,0.4,#B49A9A,0,1,#5F0006,1,0.78,#411208,0.5,0.8,1,,,MXMI_Flute,Flute,,
AzothFluteLostT1,,,,FluteT1,Lost,Objects/Instruments/AzothFlutes/AzothFluteT1/musi_azfl_azothfluteT1.cdf,,,,,,,,,#252525,1,0.1,#A3A7AC,0.25,0.68,#A4A3A3,1,0.6,#A0A0A0,0.1,0.8,0.5,,,MXMI_Flute,Flute,,
AzothFluteLostT2,,,,FluteT2,Lost,Objects/Instruments/AzothFlutes/AzothFluteT2/musi_azfl_azothfluteT2.cdf,,,,,,,,,#252525,1,0.1,#A3A7AC,0.25,0.68,#A4A3A3,1,0.6,#A0A0A0,0.1,0.8,0.5,,,MXMI_Flute,Flute,,
AzothFluteLostT3,,,,FluteT3,Lost,Objects/Instruments/AzothFlutes/AzothFluteT3/musi_azfl_azothfluteT3.cdf,,,,,,,,,#252525,1,0.1,#A3A7AC,0.25,0.68,#A4A3A3,1,0.6,#A0A0A0,0.1,0.8,0.5,,,MXMI_Flute,Flute,,
AzothFluteLostT4,,,,FluteT4,Lost,Objects/Instruments/AzothFlutes/AzothFluteT4/musi_azfl_azothfluteT4.cdf,,,,,,,,,#252525,1,0.1,#A3A7AC,0.25,0.68,#A4A3A3,1,0.6,#A0A0A0,0.1,0.8,0.5,,,MXMI_Flute,Flute,,
AzothFluteLostT5,,,,FluteT5,Lost,Objects/Instruments/AzothFlutes/AzothFluteT5/musi_azfl_azothfluteT5.cdf,,,,,,,,,#252525,1,0.1,#A3A7AC,0.25,0.68,#A4A3A3,1,0.6,#A0A0A0,0.1,0.8,0.5,,,MXMI_Flute,Flute,,
AzothFluteAncientT1,,,,FluteT1,Ancient,Objects/Instruments/AzothFlutes/AzothFluteT1/musi_azfl_azothfluteT1.cdf,,,,,,,,,#532311,1,0.5,#999999,0.3,0.3,#895B30,1,0.8,#AA865A,0.5,0.8,0.5,,,MXMI_Flute,Flute,,
AzothFluteAncientT2,,,,FluteT2,Ancient,Objects/Instruments/AzothFlutes/AzothFluteT2/musi_azfl_azothfluteT2.cdf,,,,,,,,,#532311,1,0.5,#999999,0.3,0.3,#895B30,1,0.8,#AA865A,0.5,0.8,0.5,,,MXMI_Flute,Flute,,
AzothFluteAncientT3,,,,FluteT3,Ancient,Objects/Instruments/AzothFlutes/AzothFluteT3/musi_azfl_azothfluteT3.cdf,,,,,,,,,#532311,1,0.5,#999999,0.3,0.3,#895B30,1,0.8,#AA865A,0.5,0.8,0.5,,,MXMI_Flute,Flute,,
AzothFluteAncientT4,,,,FluteT4,Ancient,Objects/Instruments/AzothFlutes/AzothFluteT4/musi_azfl_azothfluteT4.cdf,,,,,,,,,#532311,1,0.5,#999999,0.3,0.3,#895B30,1,0.8,#AA865A,0.5,0.8,0.5,,,MXMI_Flute,Flute,,
AzothFluteAncientT5,,,,FluteT5,Ancient,Objects/Instruments/AzothFlutes/AzothFluteT5/musi_azfl_azothfluteT5.cdf,,,,,,,,,#532311,1,0.5,#999999,0.3,0.3,#895B30,1,0.8,#AA865A,0.5,0.8,0.5,,,MXMI_Flute,Flute,,
AzothFluteFaeT3,,,,FluteT3,Fae,Objects/Instruments/AzothFlutes/AzothFluteT3/musi_azfl_azothfluteT3.cdf,,,,,,,,,#007400,0.5,1,#AFB645,0.5,1,#B67F58,0.5,1,#3D3D3D,0.6,0.8,0.7,#2C9D41,3,MXMI_Flute,Flute,,
AzothFluteFaeT4,,,,FluteT4,Fae,Objects/Instruments/AzothFlutes/AzothFluteT4/musi_azfl_azothfluteT4.cdf,,,,,,,,,#007400,0.5,1,#AFB645,0.5,1,#B67F58,0.5,1,#3D3D3D,0.6,0.8,0.7,#2C9D41,3,MXMI_Flute,Flute,,
AzothFluteFaeT5,,,,FluteT5,Fae,Objects/Instruments/AzothFlutes/AzothFluteT5/musi_azfl_azothfluteT5.cdf,,,,,,,,,#007400,0.5,1,#AFB645,0.5,1,#B67F58,0.5,1,#3D3D3D,0.6,0.8,0.7,#2C9D41,3,MXMI_Flute,Flute,,
AzothFluteGlassT3,,,,FluteT3,Glass,Objects/Instruments/AzothFlutes/AzothFluteT3/musi_azfl_azothfluteT3.cdf,,,,,,,,,#B8B8B8,0,0,#B8B8B8,0,0,#B8B8B8,0,0,#B8B8B8,0,0.5,0,,,MXMI_Flute,Flute,,
AzothFluteGlassT4,,,,FluteT4,Glass,Objects/Instruments/AzothFlutes/AzothFluteT4/musi_azfl_azothfluteT4.cdf,,,,,,,,,#B8B8B8,0,0,#B8B8B8,0,0,#B8B8B8,0,0,#B8B8B8,0,0.5,0,,,MXMI_Flute,Flute,,
AzothFluteGlassT5,,,,FluteT5,Glass,Objects/Instruments/AzothFlutes/AzothFluteT5/musi_azfl_azothfluteT5.cdf,,,,,,,,,#B8B8B8,0,0,#B8B8B8,0,0,#B8B8B8,0,0,#B8B8B8,0,0.5,0,,,MXMI_Flute,Flute,,
AzothFluteElegantT3,,,,FluteT3,Elegant,Objects/Instruments/AzothFlutes/AzothFluteT3/musi_azfl_azothfluteT3.cdf,,,,,,,,,#996C29,0.7,0.3,#00ACDB,0.1,1,#4893BA,0.5,1,#6C5A2F,0.35,0.8,0.7,#9E8818,5,MXMI_Flute,Flute,,
AzothFluteElegantT4,,,,FluteT4,Elegant,Objects/Instruments/AzothFlutes/AzothFluteT4/musi_azfl_azothfluteT4.cdf,,,,,,,,,#996C29,0.7,0.3,#00ACDB,0.1,1,#4893BA,0.5,1,#6C5A2F,0.35,0.8,0.7,#9E8818,5,MXMI_Flute,Flute,,
AzothFluteElegantT5,,,,FluteT5,Elegant,Objects/Instruments/AzothFlutes/AzothFluteT5/musi_azfl_azothfluteT5.cdf,,,,,,,,,#996C29,0.7,0.3,#00ACDB,0.1,1,#4893BA,0.5,1,#6C5A2F,0.35,0.8,0.7,#9E8818,5,MXMI_Flute,Flute,,
AzothFluteViciousT3,,,,FluteT3,Vicious,Objects/Instruments/AzothFlutes/AzothFluteT3/musi_azfl_azothfluteT3.cdf,,,,,,,,,#860000,0.7,0.3,#AE0000,0.3,1,#9D0000,0.5,1,#000000,0.35,0.8,0.7,,,MXMI_Flute,Flute,,
AzothFluteViciousT4,,,,FluteT4,Vicious,Objects/Instruments/AzothFlutes/AzothFluteT4/musi_azfl_azothfluteT4.cdf,,,,,,,,,#860000,0.7,0.3,#AE0000,0.3,1,#9D0000,0.5,1,#000000,0.35,0.8,0.7,,,MXMI_Flute,Flute,,
AzothFluteViciousT5,,,,FluteT5,Vicious,Objects/Instruments/AzothFlutes/AzothFluteT5/musi_azfl_azothfluteT5.cdf,,,,,,,,,#860000,0.7,0.3,#AE0000,0.3,1,#9D0000,0.5,1,#000000,0.35,0.8,0.7,,,MXMI_Flute,Flute,,
AzothFluteVinespunT3,,,,FluteT3,Vinespun,Objects/Instruments/AzothFlutes/AzothFluteT3/musi_azfl_azothfluteT3.cdf,,,,,,,,,#26ACCA,0.3,1,#C327CE,0.3,1,#0AEDDA,0.1,1,#A4669A,0.35,0.8,0.7,#00A095,5,MXMI_Flute,Flute,,
AzothFluteVinespunT4,,,,FluteT4,Vinespun,Objects/Instruments/AzothFlutes/AzothFluteT4/musi_azfl_azothfluteT4.cdf,,,,,,,,,#26ACCA,0.3,1,#C327CE,0.3,1,#0AEDDA,0.1,1,#A4669A,0.35,0.8,0.7,#00A095,5,MXMI_Flute,Flute,,
AzothFluteVinespunT5,,,,FluteT5,Vinespun,Objects/Instruments/AzothFlutes/AzothFluteT5/musi_azfl_azothfluteT5.cdf,,,,,,,,,#26ACCA,0.3,1,#C327CE,0.3,1,#0AEDDA,0.1,1,#A4669A,0.35,0.8,0.7,#00A095,5,MXMI_Flute,Flute,,
AzothFluteVoidbentT3,,,,FluteT3,Voidbent,Objects/Instruments/AzothFlutes/AzothFluteT3/musi_azfl_azothfluteT3.cdf,,,,,,,,,#1278A3,0.4,1,#9377B9,0.5,1,#D4D4EE,1,0.3,#666677,0.1,0.8,0.5,,,MXMI_Flute,Flute,,
AzothFluteVoidbentT4,,,,FluteT4,Voidbent,Objects/Instruments/AzothFlutes/AzothFluteT4/musi_azfl_azothfluteT4.cdf,,,,,,,,,#1278A3,0.4,1,#9377B9,0.5,1,#D4D4EE,1,0.3,#666677,0.1,0.8,0.5,,,MXMI_Flute,Flute,,
AzothFluteVoidbentT5,,,,FluteT5,Voidbent,Objects/Instruments/AzothFlutes/AzothFluteT5/musi_azfl_azothfluteT5.cdf,,,,,,,,,#1278A3,0.4,1,#9377B9,0.5,1,#D4D4EE,1,0.3,#666677,0.1,0.8,0.5,,,MXMI_Flute,Flute,,
AzothFluteWaveborneT3,,,,FluteT3,Waveborne,Objects/Instruments/AzothFlutes/AzothFluteT3/musi_azfl_azothfluteT3.cdf,,,,,,,,,#1BC7C2,0.3,1,#80EEB7,0.05,1,#54FFFF,0.1,1,#856C39,0.5,0.8,0.7,,,MXMI_Flute,Flute,,
AzothFluteWaveborneT4,,,,FluteT4,Waveborne,Objects/Instruments/AzothFlutes/AzothFluteT4/musi_azfl_azothfluteT4.cdf,,,,,,,,,#1BC7C2,0.3,1,#80EEB7,0.05,1,#54FFFF,0.1,1,#856C39,0.5,0.8,0.7,,,MXMI_Flute,Flute,,
AzothFluteWaveborneT5,,,,FluteT5,Waveborne,Objects/Instruments/AzothFlutes/AzothFluteT5/musi_azfl_azothfluteT5.cdf,,,,,,,,,#1BC7C2,0.3,1,#80EEB7,0.05,1,#54FFFF,0.1,1,#856C39,0.5,0.8,0.7,,,MXMI_Flute,Flute,,
AzothFluteImmolatedT3,,,,FluteT3,Immolated,Objects/Instruments/AzothFlutes/AzothFluteT3/musi_azfl_azothfluteT3.cdf,,,,,,,,,#540000,0.7,1,#A35E00,0.5,1,#B3B3B3,0.1,1,#790002,0.35,0.8,0.7,#FF7200,2,MXMI_Flute,Flute,,
AzothFluteImmolatedT4,,,,FluteT4,Immolated,Objects/Instruments/AzothFlutes/AzothFluteT4/musi_azfl_azothfluteT4.cdf,,,,,,,,,#540000,0.7,1,#A35E00,0.5,1,#B3B3B3,0.1,1,#790002,0.35,0.8,0.7,#FF7200,2,MXMI_Flute,Flute,,
AzothFluteImmolatedT5,,,,FluteT5,Immolated,Objects/Instruments/AzothFlutes/AzothFluteT5/musi_azfl_azothfluteT5.cdf,,,,,,,,,#540000,0.7,1,#A35E00,0.5,1,#B3B3B3,0.1,1,#790002,0.35,0.8,0.7,#FF7200,2,MXMI_Flute,Flute,,
AzothFluteEtherealT3,,,,FluteT3,Ethereal,Objects/Instruments/AzothFlutes/AzothFluteT3/musi_azfl_azothfluteT3.cdf,,,,,,,,,#A38C76,0.7,0.5,#2FCCE4,0.1,1,#CC815B,0.1,1,#58566C,0.35,0.5,0.5,#80D3FF,3,MXMI_Flute,Flute,,
AzothFluteEtherealT4,,,,FluteT4,Ethereal,Objects/Instruments/AzothFlutes/AzothFluteT4/musi_azfl_azothfluteT4.cdf,,,,,,,,,#A38C76,0.7,0.5,#2FCCE4,0.1,1,#CC815B,0.1,1,#58566C,0.35,0.5,0.5,#80D3FF,3,MXMI_Flute,Flute,,
AzothFluteEtherealT5,,,,FluteT5,Ethereal,Objects/Instruments/AzothFlutes/AzothFluteT5/musi_azfl_azothfluteT5.cdf,,,,,,,,,#A38C76,0.7,0.5,#2FCCE4,0.1,1,#CC815B,0.1,1,#58566C,0.35,0.5,0.5,#80D3FF,3,MXMI_Flute,Flute,,
AzothFluteAbyssalT3,,,,FluteT3,Abyssal,Objects/Instruments/AzothFlutes/AzothFluteT3/musi_azfl_azothfluteT3.cdf,,,,,,,,,#26037F,0.7,0.3,#8982A0,0.3,1,#432C99,0.1,1,#37044C,0.35,0.8,0.7,#A465CE,5,MXMI_Flute,Flute,,
AzothFluteAbyssalT4,,,,FluteT4,Abyssal,Objects/Instruments/AzothFlutes/AzothFluteT4/musi_azfl_azothfluteT4.cdf,,,,,,,,,#26037F,0.7,0.3,#8982A0,0.3,1,#432C99,0.1,1,#37044C,0.35,0.8,0.7,#A465CE,5,MXMI_Flute,Flute,,
AzothFluteAbyssalT5,,,,FluteT5,Abyssal,Objects/Instruments/AzothFlutes/AzothFluteT5/musi_azfl_azothfluteT5.cdf,,,,,,,,,#26037F,0.7,0.3,#8982A0,0.3,1,#432C99,0.1,1,#37044C,0.35,0.8,0.7,#A465CE,5,MXMI_Flute,Flute,,
AzothFluteMarauderT3,,,,FluteT3,Marauder,Objects/Instruments/AzothFlutes/AzothFluteT3/musi_azfl_azothfluteT3.cdf,,,,,,,,,#00710D,0.01,1,#B0924C,0.1,1,#656565,0.1,1,#6D5C31,0.35,0.8,0.7,#007D00,5,MXMI_Flute,Flute,,
AzothFluteMarauderT4,,,,FluteT4,Marauder,Objects/Instruments/AzothFlutes/AzothFluteT4/musi_azfl_azothfluteT4.cdf,,,,,,,,,#00710D,0.01,1,#B0924C,0.1,1,#656565,0.1,1,#6D5C31,0.35,0.8,0.7,#007D00,5,MXMI_Flute,Flute,,
AzothFluteMarauderT5,,,,FluteT4,Marauder,Objects/Instruments/AzothFlutes/AzothFluteT5/musi_azfl_azothfluteT5.cdf,,,,,,,,,#00710D,0.01,1,#B0924C,0.1,1,#656565,0.1,1,#6D5C31,0.35,0.8,0.7,#007D00,5,MXMI_Flute,Flute,,
AzothFluteSyndicateT3,,,,FluteT3,Syndicate,Objects/Instruments/AzothFlutes/AzothFluteT3/musi_azfl_azothfluteT3.cdf,,,,,,,,,#77568E,0.1,1,#688BAC,0.1,1,#D3BFDA,0.2,1,#5C4A65,0.35,0.6,1,#7AA8FD,5,MXMI_Flute,Flute,,
AzothFluteSyndicateT4,,,,FluteT4,Syndicate,Objects/Instruments/AzothFlutes/AzothFluteT4/musi_azfl_azothfluteT4.cdf,,,,,,,,,#77568E,0.1,1,#688BAC,0.1,1,#D3BFDA,0.2,1,#5C4A65,0.35,0.6,1,#7AA8FD,5,MXMI_Flute,Flute,,
AzothFluteSyndicateT5,,,,FluteT5,Syndicate,Objects/Instruments/AzothFlutes/AzothFluteT5/musi_azfl_azothfluteT5.cdf,,,,,,,,,#77568E,0.1,1,#688BAC,0.1,1,#D3BFDA,0.2,1,#5C4A65,0.35,0.6,1,#7AA8FD,5,MXMI_Flute,Flute,,
AzothFluteCovenantT3,,,,FluteT3,Covenant,Objects/Instruments/AzothFlutes/AzothFluteT3/musi_azfl_azothfluteT3.cdf,,,,,,,,,#CA5A19,0.01,1,#FFCE3B,0.01,1,#AEAEAE,0.2,1,#683F27,0.6,0.8,0.7,#BC0C0E,5,MXMI_Flute,Flute,,
AzothFluteCovenantT4,,,,FluteT4,Covenant,Objects/Instruments/AzothFlutes/AzothFluteT4/musi_azfl_azothfluteT4.cdf,,,,,,,,,#CA5A19,0.01,1,#FFCE3B,0.01,1,#AEAEAE,0.2,1,#683F27,0.6,0.8,0.7,#BC0C0E,5,MXMI_Flute,Flute,,
AzothFluteCovenantT5,,,,FluteT5,Covenant,Objects/Instruments/AzothFlutes/AzothFluteT5/musi_azfl_azothfluteT5.cdf,,,,,,,,,#CA5A19,0.01,1,#FFCE3B,0.01,1,#AEAEAE,0.2,1,#683F27,0.6,0.8,0.7,#BC0C0E,5,MXMI_Flute,Flute,,
DrumT1,,,,DrumsT1,Stone / Wood,Objects/Instruments/Drums/DrumsT1/musi_Drum_DrumT1.cdf,,,,,,,,,#B8B8B8,0,0,#B8B8B8,0,0,#B8B8B8,0,0,#B8B8B8,0,0.5,0,,,MXMI_Drums,,,
DrumT2,@DrumT2_TransmogName,,EquippableTool+InstrumentDrums,DrumsT2,Iron,Objects/Instruments/Drums/DrumsT2/musi_Drum_DrumT2.cdf,,,,,,,,,#B8B8B8,0,0,#B8B8B8,0,0,#B8B8B8,0,0,#B8B8B8,0,0.5,0,,,MXMI_Drums,Drum,lyshineui/images/icons/items/MusicalActions/DrumT2.png,lyshineui/images/icons/items_hires/DrumT2.png
DrumT3,@DrumT3_TransmogName,,EquippableTool+InstrumentDrums,DrumsT3,Steel,Objects/Instruments/Drums/DrumsT3/musi_Drum_DrumT3.cdf,,,,,,,,,#B8B8B8,0,0,#B8B8B8,0,0,#B8B8B8,0,0,#B8B8B8,0,0.5,0,,,MXMI_Drums,Drum,lyshineui/images/icons/items/MusicalActions/DrumT3.png,lyshineui/images/icons/items_hires/DrumT3.png
DrumT4,@DrumT4_TransmogName,,EquippableTool+InstrumentDrums,DrumsT4,Starmetal,Objects/Instruments/Drums/DrumsT4/musi_Drum_DrumT4.cdf,,,,,,,,,#B8B8B8,0,0,#B8B8B8,0,0,#B8B8B8,0,0,#B8B8B8,0,0.5,0,,,MXMI_Drums,Drum,lyshineui/images/icons/items/MusicalActions/DrumT4.png,lyshineui/images/icons/items_hires/DrumT4.png
DrumT5,@DrumT5_TransmogName,,EquippableTool+InstrumentDrums,DrumsT5,Orichalcum,Objects/Instruments/Drums/DrumsT5/musi_Drum_DrumT5.cdf,,,,,,,,,#B8B8B8,0,0,#B8B8B8,0,0,#B8B8B8,0,0,#B8B8B8,0,0.5,0,,,MXMI_Drums,Drum,lyshineui/images/icons/items/MusicalActions/DrumT5.png,lyshineui/images/icons/items_hires/DrumT5.png
DrumsAngryEarthT1,,,,DrumsT1,AngryEarth,Objects/Instruments/Drums/DrumsT1/musi_Drum_DrumT1.cdf,,,,,,,,,#4B5F8E,1,0.5,#A3A7AC,0.25,0.68,#849B6C,1,0.28,#86BDFF,0.5,0.8,0.5,#63C5DA,10,MXMI_Drums,Drum,,
DrumsAngryEarthT2,,,,DrumsT2,AngryEarth,Objects/Instruments/Drums/DrumsT2/musi_Drum_DrumT2.cdf,,,,,,,,,#4B5F8E,1,0.5,#A3A7AC,0.25,0.68,#849B6C,1,0.28,#86BDFF,0.5,0.8,0.5,#63C5DA,10,MXMI_Drums,Drum,,
DrumsAngryEarthT3,,,,DrumsT3,AngryEarth,Objects/Instruments/Drums/DrumsT3/musi_Drum_DrumT3.cdf,,,,,,,,,#4B5F8E,1,0.5,#A3A7AC,0.25,0.68,#849B6C,1,0.28,#86BDFF,0.5,0.8,0.5,#63C5DA,10,MXMI_Drums,Drum,,
DrumsAngryEarthT4,,,,DrumsT4,AngryEarth,Objects/Instruments/Drums/DrumsT4/musi_Drum_DrumT4.cdf,,,,,,,,,#4B5F8E,1,0.5,#A3A7AC,0.25,0.68,#849B6C,1,0.28,#86BDFF,0.5,0.8,0.5,#63C5DA,10,MXMI_Drums,Drum,,
DrumsAngryEarthT5,,,,DrumsT5,AngryEarth,Objects/Instruments/Drums/DrumsT5/musi_Drum_DrumT5.cdf,,,,,,,,,#4B5F8E,1,0.5,#A3A7AC,0.25,0.68,#849B6C,1,0.28,#86BDFF,0.5,0.8,0.5,#63C5DA,10,MXMI_Drums,Drum,,
DrumsCorruptedT1,,,,DrumsT1,Corrupted,Objects/Instruments/Drums/DrumsT1/musi_Drum_DrumT1.cdf,,,,,,,,,#2A1A18,1,0.4,#B49A9A,0,1,#5F0006,1,0.78,#411208,0.5,0.8,1,,,MXMI_Drums,Drum,,
DrumsCorruptedT2,,,,DrumsT2,Corrupted,Objects/Instruments/Drums/DrumsT2/musi_Drum_DrumT2.cdf,,,,,,,,,#2A1A18,1,0.4,#B49A9A,0,1,#5F0006,1,0.78,#411208,0.5,0.8,1,,,MXMI_Drums,Drum,,
DrumsCorruptedT3,,,,DrumsT3,Corrupted,Objects/Instruments/Drums/DrumsT3/musi_Drum_DrumT3.cdf,,,,,,,,,#2A1A18,1,0.4,#B49A9A,0,1,#5F0006,1,0.78,#411208,0.5,0.8,1,,,MXMI_Drums,Drum,,
DrumsCorruptedT4,,,,DrumsT4,Corrupted,Objects/Instruments/Drums/DrumsT4/musi_Drum_DrumT4.cdf,,,,,,,,,#2A1A18,1,0.4,#B49A9A,0,1,#5F0006,1,0.78,#411208,0.5,0.8,1,,,MXMI_Drums,Drum,,
DrumsCorruptedT5,,,,DrumsT5,Corrupted,Objects/Instruments/Drums/DrumsT5/musi_Drum_DrumT5.cdf,,,,,,,,,#2A1A18,1,0.4,#B49A9A,0,1,#5F0006,1,0.78,#411208,0.5,0.8,1,,,MXMI_Drums,Drum,,
DrumsLostT1,,,,DrumsT1,Lost,Objects/Instruments/Drums/DrumsT1/musi_Drum_DrumT1.cdf,,,,,,,,,#252525,1,0.1,#A3A7AC,0.25,0.68,#A4A3A3,1,0.6,#A0A0A0,0.1,0.8,0.5,,,MXMI_Drums,Drum,,
DrumsLostT2,,,,DrumsT2,Lost,Objects/Instruments/Drums/DrumsT2/musi_Drum_DrumT2.cdf,,,,,,,,,#252525,1,0.1,#A3A7AC,0.25,0.68,#A4A3A3,1,0.6,#A0A0A0,0.1,0.8,0.5,,,MXMI_Drums,Drum,,
DrumsLostT3,,,,DrumsT3,Lost,Objects/Instruments/Drums/DrumsT3/musi_Drum_DrumT3.cdf,,,,,,,,,#252525,1,0.1,#A3A7AC,0.25,0.68,#A4A3A3,1,0.6,#A0A0A0,0.1,0.8,0.5,,,MXMI_Drums,Drum,,
DrumsLostT4,,,,DrumsT4,Lost,Objects/Instruments/Drums/DrumsT4/musi_Drum_DrumT4.cdf,,,,,,,,,#252525,1,0.1,#A3A7AC,0.25,0.68,#A4A3A3,1,0.6,#A0A0A0,0.1,0.8,0.5,,,MXMI_Drums,Drum,,
DrumsLostT5,,,,DrumsT5,Lost,Objects/Instruments/Drums/DrumsT5/musi_Drum_DrumT5.cdf,,,,,,,,,#252525,1,0.1,#A3A7AC,0.25,0.68,#A4A3A3,1,0.6,#A0A0A0,0.1,0.8,0.5,,,MXMI_Drums,Drum,,
DrumsAncientT1,,,,DrumsT1,Ancient,Objects/Instruments/Drums/DrumsT1/musi_Drum_DrumT1.cdf,,,,,,,,,#532311,1,0.5,#999999,0.3,0.3,#895B30,1,0.8,#AA865A,0.5,0.8,0.5,,,MXMI_Drums,Drum,,
DrumsAncientT2,,,,DrumsT2,Ancient,Objects/Instruments/Drums/DrumsT2/musi_Drum_DrumT2.cdf,,,,,,,,,#532311,1,0.5,#999999,0.3,0.3,#895B30,1,0.8,#AA865A,0.5,0.8,0.5,,,MXMI_Drums,Drum,,
DrumsAncientT3,,,,DrumsT3,Ancient,Objects/Instruments/Drums/DrumsT3/musi_Drum_DrumT3.cdf,,,,,,,,,#532311,1,0.5,#999999,0.3,0.3,#895B30,1,0.8,#AA865A,0.5,0.8,0.5,,,MXMI_Drums,Drum,,
DrumsAncientT4,,,,DrumsT4,Ancient,Objects/Instruments/Drums/DrumsT4/musi_Drum_DrumT4.cdf,,,,,,,,,#532311,1,0.5,#999999,0.3,0.3,#895B30,1,0.8,#AA865A,0.5,0.8,0.5,,,MXMI_Drums,Drum,,
DrumsAncientT5,,,,DrumsT5,Ancient,Objects/Instruments/Drums/DrumsT5/musi_Drum_DrumT5.cdf,,,,,,,,,#532311,1,0.5,#999999,0.3,0.3,#895B30,1,0.8,#AA865A,0.5,0.8,0.5,,,MXMI_Drums,Drum,,
DrumsFaeT3,,,,DrumsT3,Fae,Objects/Instruments/Drums/DrumsT3/musi_Drum_DrumT3.cdf,,,,,,,,,#007400,0.5,1,#AFB645,0.5,1,#B67F58,0.5,1,#3D3D3D,0.6,0.8,0.7,#2C9D41,3,MXMI_Drums,Drum,,
DrumsFaeT4,,,,DrumsT4,Fae,Objects/Instruments/Drums/DrumsT4/musi_Drum_DrumT4.cdf,,,,,,,,,#007400,0.5,1,#AFB645,0.5,1,#B67F58,0.5,1,#3D3D3D,0.6,0.8,0.7,#2C9D41,3,MXMI_Drums,Drum,,
DrumsFaeT5,,,,DrumsT5,Fae,Objects/Instruments/Drums/DrumsT5/musi_Drum_DrumT5.cdf,,,,,,,,,#007400,0.5,1,#AFB645,0.5,1,#B67F58,0.5,1,#3D3D3D,0.6,0.8,0.7,#2C9D41,3,MXMI_Drums,Drum,,
DrumsGlassT3,,,,DrumsT3,Glass,Objects/Instruments/Drums/DrumsT3/musi_Drum_DrumT3.cdf,,,,,,,,,#B8B8B8,0,0,#B8B8B8,0,0,#B8B8B8,0,0,#B8B8B8,0,0.5,0,,,MXMI_Drums,Drum,,
DrumsGlassT4,,,,DrumsT4,Glass,Objects/Instruments/Drums/DrumsT4/musi_Drum_DrumT4.cdf,,,,,,,,,#B8B8B8,0,0,#B8B8B8,0,0,#B8B8B8,0,0,#B8B8B8,0,0.5,0,,,MXMI_Drums,Drum,,
DrumsGlassT5,,,,DrumsT5,Glass,Objects/Instruments/Drums/DrumsT5/musi_Drum_DrumT5.cdf,,,,,,,,,#B8B8B8,0,0,#B8B8B8,0,0,#B8B8B8,0,0,#B8B8B8,0,0.5,0,,,MXMI_Drums,Drum,,
DrumsElegantT3,,,,DrumsT3,Elegant,Objects/Instruments/Drums/DrumsT3/musi_Drum_DrumT3.cdf,,,,,,,,,#996C29,0.7,0.3,#00ACDB,0.1,1,#4893BA,0.5,1,#6C5A2F,0.35,0.8,0.7,#9E8818,5,MXMI_Drums,Drum,,
DrumsElegantT4,,,,DrumsT4,Elegant,Objects/Instruments/Drums/DrumsT4/musi_Drum_DrumT4.cdf,,,,,,,,,#996C29,0.7,0.3,#00ACDB,0.1,1,#4893BA,0.5,1,#6C5A2F,0.35,0.8,0.7,#9E8818,5,MXMI_Drums,Drum,,
DrumsElegantT5,,,,DrumsT5,Elegant,Objects/Instruments/Drums/DrumsT5/musi_Drum_DrumT5.cdf,,,,,,,,,#996C29,0.7,0.3,#00ACDB,0.1,1,#4893BA,0.5,1,#6C5A2F,0.35,0.8,0.7,#9E8818,5,MXMI_Drums,Drum,,
DrumsViciousT3,,,,DrumsT3,Vicious,Objects/Instruments/Drums/DrumsT3/musi_Drum_DrumT3.cdf,,,,,,,,,#860000,0.7,0.3,#AE0000,0.3,1,#9D0000,0.5,1,#000000,0.35,0.8,0.7,,,MXMI_Drums,Drum,,
DrumsViciousT4,,,,DrumsT4,Vicious,Objects/Instruments/Drums/DrumsT4/musi_Drum_DrumT4.cdf,,,,,,,,,#860000,0.7,0.3,#AE0000,0.3,1,#9D0000,0.5,1,#000000,0.35,0.8,0.7,,,MXMI_Drums,Drum,,
DrumsViciousT5,,,,DrumsT5,Vicious,Objects/Instruments/Drums/DrumsT5/musi_Drum_DrumT5.cdf,,,,,,,,,#860000,0.7,0.3,#AE0000,0.3,1,#9D0000,0.5,1,#000000,0.35,0.8,0.7,,,MXMI_Drums,Drum,,
DrumsVinespunT3,,,,DrumsT3,Vinespun,Objects/Instruments/Drums/DrumsT3/musi_Drum_DrumT3.cdf,,,,,,,,,#26ACCA,0.3,1,#C327CE,0.3,1,#0AEDDA,0.1,1,#A4669A,0.35,0.8,0.7,#00A095,5,MXMI_Drums,Drum,,
DrumsVinespunT4,,,,DrumsT4,Vinespun,Objects/Instruments/Drums/DrumsT4/musi_Drum_DrumT4.cdf,,,,,,,,,#26ACCA,0.3,1,#C327CE,0.3,1,#0AEDDA,0.1,1,#A4669A,0.35,0.8,0.7,#00A095,5,MXMI_Drums,Drum,,
DrumsVinespunT5,,,,DrumsT5,Vinespun,Objects/Instruments/Drums/DrumsT5/musi_Drum_DrumT5.cdf,,,,,,,,,#26ACCA,0.3,1,#C327CE,0.3,1,#0AEDDA,0.1,1,#A4669A,0.35,0.8,0.7,#00A095,5,MXMI_Drums,Drum,,
DrumsVoidbentT3,,,,DrumsT3,Voidbent,Objects/Instruments/Drums/DrumsT3/musi_Drum_DrumT3.cdf,,,,,,,,,#1278A3,0.4,1,#9377B9,0.5,1,#D4D4EE,1,0.3,#666677,0.1,0.8,0.5,,,MXMI_Drums,Drum,,
DrumsVoidbentT4,,,,DrumsT4,Voidbent,Objects/Instruments/Drums/DrumsT4/musi_Drum_DrumT4.cdf,,,,,,,,,#1278A3,0.4,1,#9377B9,0.5,1,#D4D4EE,1,0.3,#666677,0.1,0.8,0.5,,,MXMI_Drums,Drum,,
DrumsVoidbentT5,,,,DrumsT5,Voidbent,Objects/Instruments/Drums/DrumsT5/musi_Drum_DrumT5.cdf,,,,,,,,,#1278A3,0.4,1,#9377B9,0.5,1,#D4D4EE,1,0.3,#666677,0.1,0.8,0.5,,,MXMI_Drums,Drum,,
DrumsWaveborneT3,,,,DrumsT3,Waveborne,Objects/Instruments/Drums/DrumsT3/musi_Drum_DrumT3.cdf,,,,,,,,,#1BC7C2,0.3,1,#80EEB7,0.05,1,#54FFFF,0.1,1,#856C39,0.5,0.8,0.7,,,MXMI_Drums,Drum,,
DrumsWaveborneT4,,,,DrumsT4,Waveborne,Objects/Instruments/Drums/DrumsT4/musi_Drum_DrumT4.cdf,,,,,,,,,#1BC7C2,0.3,1,#80EEB7,0.05,1,#54FFFF,0.1,1,#856C39,0.5,0.8,0.7,,,MXMI_Drums,Drum,,
DrumsWaveborneT5,,,,DrumsT5,Waveborne,Objects/Instruments/Drums/DrumsT5/musi_Drum_DrumT5.cdf,,,,,,,,,#1BC7C2,0.3,1,#80EEB7,0.05,1,#54FFFF,0.1,1,#856C39,0.5,0.8,0.7,,,MXMI_Drums,Drum,,
DrumsImmolatedT3,,,,DrumsT3,Immolated,Objects/Instruments/Drums/DrumsT3/musi_Drum_DrumT3.cdf,,,,,,,,,#540000,0.7,1,#A35E00,0.5,1,#B3B3B3,0.1,1,#790002,0.35,0.8,0.7,#FF7200,2,MXMI_Drums,Drum,,
DrumsImmolatedT4,,,,DrumsT4,Immolated,Objects/Instruments/Drums/DrumsT4/musi_Drum_DrumT4.cdf,,,,,,,,,#540000,0.7,1,#A35E00,0.5,1,#B3B3B3,0.1,1,#790002,0.35,0.8,0.7,#FF7200,2,MXMI_Drums,Drum,,
DrumsImmolatedT5,,,,DrumsT5,Immolated,Objects/Instruments/Drums/DrumsT5/musi_Drum_DrumT5.cdf,,,,,,,,,#540000,0.7,1,#A35E00,0.5,1,#B3B3B3,0.1,1,#790002,0.35,0.8,0.7,#FF7200,2,MXMI_Drums,Drum,,
DrumsEtherealT3,,,,DrumsT3,Ethereal,Objects/Instruments/Drums/DrumsT3/musi_Drum_DrumT3.cdf,,,,,,,,,#A38C76,0.7,0.5,#2FCCE4,0.1,1,#CC815B,0.1,1,#58566C,0.35,0.5,0.5,#80D3FF,3,MXMI_Drums,Drum,,
DrumsEtherealT4,,,,DrumsT4,Ethereal,Objects/Instruments/Drums/DrumsT4/musi_Drum_DrumT4.cdf,,,,,,,,,#A38C76,0.7,0.5,#2FCCE4,0.1,1,#CC815B,0.1,1,#58566C,0.35,0.5,0.5,#80D3FF,3,MXMI_Drums,Drum,,
DrumsEtherealT5,,,,DrumsT5,Ethereal,Objects/Instruments/Drums/DrumsT5/musi_Drum_DrumT5.cdf,,,,,,,,,#A38C76,0.7,0.5,#2FCCE4,0.1,1,#CC815B,0.1,1,#58566C,0.35,0.5,0.5,#80D3FF,3,MXMI_Drums,Drum,,
DrumsAbyssalT3,,,,DrumsT3,Abyssal,Objects/Instruments/Drums/DrumsT3/musi_Drum_DrumT3.cdf,,,,,,,,,#26037F,0.7,0.3,#8982A0,0.3,1,#432C99,0.1,1,#37044C,0.35,0.8,0.7,#A465CE,5,MXMI_Drums,Drum,,
DrumsAbyssalT4,,,,DrumsT4,Abyssal,Objects/Instruments/Drums/DrumsT4/musi_Drum_DrumT4.cdf,,,,,,,,,#26037F,0.7,0.3,#8982A0,0.3,1,#432C99,0.1,1,#37044C,0.35,0.8,0.7,#A465CE,5,MXMI_Drums,Drum,,
DrumsAbyssalT5,,,,DrumsT5,Abyssal,Objects/Instruments/Drums/DrumsT5/musi_Drum_DrumT5.cdf,,,,,,,,,#26037F,0.7,0.3,#8982A0,0.3,1,#432C99,0.1,1,#37044C,0.35,0.8,0.7,#A465CE,5,MXMI_Drums,Drum,,
DrumsMarauderT3,,,,DrumsT3,Marauder,Objects/Instruments/Drums/DrumsT3/musi_Drum_DrumT3.cdf,,,,,,,,,#00710D,0.01,1,#B0924C,0.1,1,#656565,0.1,1,#6D5C31,0.35,0.8,0.7,#007D00,5,MXMI_Drums,Drum,,
DrumsMarauderT4,,,,DrumsT4,Marauder,Objects/Instruments/Drums/DrumsT4/musi_Drum_DrumT4.cdf,,,,,,,,,#00710D,0.01,1,#B0924C,0.1,1,#656565,0.1,1,#6D5C31,0.35,0.8,0.7,#007D00,5,MXMI_Drums,Drum,,
DrumsMarauderT5,,,,DrumsT4,Marauder,Objects/Instruments/Drums/DrumsT5/musi_Drum_DrumT5.cdf,,,,,,,,,#00710D,0.01,1,#B0924C,0.1,1,#656565,0.1,1,#6D5C31,0.35,0.8,0.7,#007D00,5,MXMI_Drums,Drum,,
DrumsyndicateT3,,,,DrumsT3,Syndicate,Objects/Instruments/Drums/DrumsT3/musi_Drum_DrumT3.cdf,,,,,,,,,#77568E,0.1,1,#688BAC,0.1,1,#D3BFDA,0.2,1,#5C4A65,0.35,0.6,1,#7AA8FD,5,MXMI_Drums,Drum,,
DrumsyndicateT4,,,,DrumsT4,Syndicate,Objects/Instruments/Drums/DrumsT4/musi_Drum_DrumT4.cdf,,,,,,,,,#77568E,0.1,1,#688BAC,0.1,1,#D3BFDA,0.2,1,#5C4A65,0.35,0.6,1,#7AA8FD,5,MXMI_Drums,Drum,,
DrumsyndicateT5,,,,DrumsT5,Syndicate,Objects/Instruments/Drums/DrumsT5/musi_Drum_DrumT5.cdf,,,,,,,,,#77568E,0.1,1,#688BAC,0.1,1,#D3BFDA,0.2,1,#5C4A65,0.35,0.6,1,#7AA8FD,5,MXMI_Drums,Drum,,
DrumsCovenantT3,,,,DrumsT3,Covenant,Objects/Instruments/Drums/DrumsT3/musi_Drum_DrumT3.cdf,,,,,,,,,#CA5A19,0.01,1,#FFCE3B,0.01,1,#AEAEAE,0.2,1,#683F27,0.6,0.8,0.7,#BC0C0E,5,MXMI_Drums,Drum,,
DrumsCovenantT4,,,,DrumsT4,Covenant,Objects/Instruments/Drums/DrumsT4/musi_Drum_DrumT4.cdf,,,,,,,,,#CA5A19,0.01,1,#FFCE3B,0.01,1,#AEAEAE,0.2,1,#683F27,0.6,0.8,0.7,#BC0C0E,5,MXMI_Drums,Drum,,
DrumsCovenantT5,,,,DrumsT5,Covenant,Objects/Instruments/Drums/DrumsT5/musi_Drum_DrumT5.cdf,,,,,,,,,#CA5A19,0.01,1,#FFCE3B,0.01,1,#AEAEAE,0.2,1,#683F27,0.6,0.8,0.7,#BC0C0E,5,MXMI_Drums,Drum,,
MandolinFateFortuneT5,,,,mandolinFateFortune,FateFortune,,,,,,,,,,#B8B8B8,0,0,#B8B8B8,0,0,#B8B8B8,0,0,#B8B8B8,0,0.5,0,,,MXMI_Mandolin,Mandolin,,
GuitarFateFortuneT5,@GuitarFateFortuneT5_TransmogName,@Skin_Guitar_FateFortune_Description,EquippableTool+InstrumentGuitar,guitarFateFortune,FateFortune,Objects/Instruments/Guitars/GuitarFateFortune/musi_guit_guitarfatefortune.cdf,,,,,,,,,#B8B8B8,0,0,#B8B8B8,0,0,#B8B8B8,0,0,#B8B8B8,0,0.5,0,,,MXMI_Guitar,Guitar,lyshineui/images/icons/items/MusicalActions/GuitarFateFortuneT5.png,lyshineui/images/icons/items_hires/GuitarFateFortuneT5.png
URBassFateFortuneT5,@URBassFateFortuneT5_TransmogName,@Skin_UprightBass_FateFortune_Description,EquippableTool+InstrumentUprightBass,bassFateFortune,FateFortune,Objects/Instruments/URBasses/URBassFateFortune/musi_urba_urbassfatefortune.cdf,,,,,,,,,#B8B8B8,0,0,#B8B8B8,0,0,#B8B8B8,0,0,#B8B8B8,0,0.5,0,,,MXMI_UprightBass,Bass,lyshineui/images/icons/items/MusicalActions/URBassFateFortuneT5.png,lyshineui/images/icons/items_hires/URBassFateFortuneT5.png
AzothFluteFateFortuneT5,@AzothFluteFateFortuneT5_TransmogName,@Skin_Flute_FateFortune_Description,EquippableTool+InstrumentFlute,fluteFateFortune,FateFortune,Objects/Instruments/AzothFlutes/AzothFluteFateFortune/musi_azfl_azothflutefatefortune.cdf,,,,,,,,,#B8B8B8,0,0,#B8B8B8,0,0,#B8B8B8,0,0,#B8B8B8,0,0.5,0,,,MXMI_Flute,Flute,lyshineui/images/icons/items/MusicalActions/AzothFluteFateFortuneT5.png,lyshineui/images/icons/items_hires/AzothFluteFateFortuneT5.png
DrumsFateFortuneT5,,,,drumFateFortune,FateFortune,,,,,,,,,,#B8B8B8,0,0,#B8B8B8,0,0,#B8B8B8,0,0,#B8B8B8,0,0.5,0,,,MXMI_Drums,Drum,,
MandolinMidsummerFestivalT5,@MandolinMidsummerFestivalT5_TransmogName,@Skin_Mandolin_Summer_Description,EquippableTool+InstrumentMandolin,mandolinMidsummerFestival,MidsummerFestival,Objects/Instruments/Mandolins/mandolinMidsummerFestival/musi_mand_mandolinMidsummerFestival.cdf,,,,,,,,,#B8B8B8,0,0,#B8B8B8,0,0,#B8B8B8,0,0,#B8B8B8,0,0.5,0,,,MXMI_Mandolin,Mandolin,lyshineui/images/icons/items/MusicalActions/MandolinMidsummerFestivalT5.png,lyshineui/images/icons/items_hires/MandolinMidsummerFestivalT5.png
GuitarMidsummerFestivalT5,@GuitarMidsummerFestivalT5_TransmogName,@Skin_Guitar_Summer_Description,EquippableTool+InstrumentGuitar,guitarMidsummerFestival,MidsummerFestival,Objects/Instruments/Guitars/GuitarMidsummerFestival/musi_guit_guitarMidsummerFestival.cdf,,,,,,,,,#B8B8B8,0,0,#B8B8B8,0,0,#B8B8B8,0,0,#B8B8B8,0,0.5,0,,,MXMI_Guitar,Guitar,lyshineui/images/icons/items/MusicalActions/GuitarMidsummerFestivalT5.png,lyshineui/images/icons/items_hires/GuitarMidsummerFestivalT5.png
URBassMidsummerFestivalT5,@URBassMidsummerFestivalT5_TransmogName,@Skin_UprightBass_Summer_Description,EquippableTool+InstrumentUprightBass,bassMidsummerFestival,MidsummerFestival,Objects/Instruments/URBasses/URBassMidsummerFestival/musi_urba_urbassMidsummerFestival.cdf,,,,,,,,,#B8B8B8,0,0,#B8B8B8,0,0,#B8B8B8,0,0,#B8B8B8,0,0.5,0,,,MXMI_UprightBass,Bass,lyshineui/images/icons/items/MusicalActions/URBassMidsummerFestivalT5.png,lyshineui/images/icons/items_hires/URBassMidsummerFestivalT5.png
AzothFluteMidsummerFestivalT5,@AzothFluteMidsummerFestivalT5_TransmogName,@Skin_Flute_Summer_Description,EquippableTool+InstrumentFlute,fluteMidsummerFestival,MidsummerFestival,Objects/Instruments/AzothFlutes/AzothFluteMidsummerFestival/musi_azfl_azothfluteMidsummerFestival.cdf,,,,,,,,,#B8B8B8,0,0,#B8B8B8,0,0,#B8B8B8,0,0,#B8B8B8,0,0.5,0,,,MXMI_Flute,Flute,lyshineui/images/icons/items/MusicalActions/AzothFluteMidsummerFestivalT5.png,lyshineui/images/icons/items_hires/AzothFluteMidsummerFestivalT5.png
DrumsMidsummerFestivalT5,@DrumsMidsummerFestivalT5_TransmogName,@Skin_Drum_Summer_Description,EquippableTool+InstrumentDrums,drumMidsummerFestival,MidsummerFestival,Objects/Instruments/Drums/drumsMidsummerFestival/musi_drums_drumsMidsummerFestival.cdf,,,,,,,,,#B8B8B8,0,0,#B8B8B8,0,0,#B8B8B8,0,0,#B8B8B8,0,0.5,0,,,MXMI_Drums,Drum,lyshineui/images/icons/items/MusicalActions/DrumsMidsummerFestivalT5.png,lyshineui/images/icons/items_hires/DrumsMidsummerFestivalT5.png
MandolinMetalFestivalT5,@MandolinMetalFestivalT5_TransmogName,@Skin_Mandolin_Metal_Description,EquippableTool+InstrumentMandolin,mandolinMetalFestival,MetalFestival,objects/instruments/mandolins/mandolinMetalFestival/musi_mand_mandolinMetalFestival.cdf,,,,,,,,,#B8B8B8,0,0,#B8B8B8,0,0,#B8B8B8,0,0,#B8B8B8,0,0.5,0,,,MXMI_Mandolin,Mandolin,lyshineui/images/icons/items/MusicalActions/MandolinMetalFestivalT5.png,lyshineui/images/icons/items_hires/MandolinMetalFestivalT5.png
GuitarMetalFestivalT5,@GuitarMetalFestivalT5_TransmogName,@Skin_Guitar_Metal_Description,EquippableTool+InstrumentGuitar,guitarMetalFestival,MetalFestival,objects/instruments/guitars/guitarMetalFestival/musi_guit_guitarMetalFestival.cdf,,,,,,,,,#B8B8B8,0,0,#B8B8B8,0,0,#B8B8B8,0,0,#B8B8B8,0,0.5,0,,,MXMI_Guitar,Guitar,lyshineui/images/icons/items/MusicalActions/GuitarMetalFestivalT5.png,lyshineui/images/icons/items_hires/GuitarMetalFestivalT5.png
URBassMetalFestivalT5,@URBassMetalFestivalT5_TransmogName,@Skin_UprightBass_Metal_Description,EquippableTool+InstrumentUprightBass,bassMetalFestival,MetalFestival,objects/instruments/urbasses/urbassMetal/musi_urba_urbassMetal.cdf,,,,,,,,,#B8B8B8,0,0,#B8B8B8,0,0,#B8B8B8,0,0,#B8B8B8,0,0.5,0,,,MXMI_UprightBass,Bass,lyshineui/images/icons/items/MusicalActions/URBassMetalFestivalT5.png,lyshineui/images/icons/items_hires/URBassMetalFestivalT5.png
AzothFluteMetalFestivalT5,@AzothFluteMetalFestivalT5_TransmogName,@Skin_Flute_Metal_Description,EquippableTool+InstrumentFlute,fluteMetalFestival,MetalFestival,Objects/Instruments/AzothFlutes/AzothFluteMetalFestival/musi_azfl_azothfluteMetalFestival.cdf,,,,,,,,,#B8B8B8,0,0,#B8B8B8,0,0,#B8B8B8,0,0,#B8B8B8,0,0.5,0,,,MXMI_Flute,Flute,lyshineui/images/icons/items/MusicalActions/AzothFluteMetalFestivalT5.png,lyshineui/images/icons/items_hires/AzothFluteMetalFestivalT5.png
DrumsMetalFestivalT5,@DrumsMetalFestivalT5_TransmogName,@Skin_Drum_Metal_Description,EquippableTool+InstrumentDrums,drumMetalFestival,MetalFestival,objects/instruments/drums/drumsMetalFestival/musi_drum_drumMetalFestival.cdf,,,,,,,,,#B8B8B8,0,0,#B8B8B8,0,0,#B8B8B8,0,0,#B8B8B8,0,0.5,0,,,MXMI_Drums,Drum,lyshineui/images/icons/items/MusicalActions/DrumsMetalFestivalT5.png,lyshineui/images/icons/items_hires/DrumsMetalFestivalT5.png
MandolinEgyptianGodsT5,@MandolinEgyptianGodsT5_TransmogName,@Skin_Mandolin_EgyptianGods_Description,EquippableTool+InstrumentMandolin,mandolinEgyptianGods,EgyptianGods,objects/instruments/mandolins/mandolinEgyptianGods/musi_mand_mandolinEgyptianGods.cdf,,,,,,,,,#B8B8B8,0,0,#B8B8B8,0,0,#B8B8B8,0,0,#B8B8B8,0,0.5,0,,,MXMI_Mandolin,Mandolin,lyshineui/images/icons/items/MusicalActions/MandolinEgyptianGodsT5.png,lyshineui/images/icons/items_hires/MandolinEgyptianGodsT5.png
GuitarEgyptianGodsT5,@GuitarEgyptianGodsT5_TransmogName,@Skin_Guitar_EgyptianGods_Description,EquippableTool+InstrumentGuitar,guitarEgyptianGods,EgyptianGods,objects/instruments/guitars/guitarEgyptianGods/musi_guit_guitarEgyptianGods.cdf,,,,,,,,,#B8B8B8,0,0,#B8B8B8,0,0,#B8B8B8,0,0,#B8B8B8,0,0.5,0,,,MXMI_Guitar,Guitar,lyshineui/images/icons/items/MusicalActions/GuitarEgyptianGodsT5.png,lyshineui/images/icons/items_hires/GuitarEgyptianGodsT5.png
DrumsEgyptianGodsT5,@DrumsEgyptianGodsT5_TransmogName,@Skin_Drum_EgyptianGods_Description,EquippableTool+InstrumentDrums,drumEgyptianGods,EgyptianGods,objects/instruments/drums/drumsEgyptianGods/musi_drum_drumEgyptianGods.cdf,,,,,,,,,#B8B8B8,0,0,#B8B8B8,0,0,#B8B8B8,0,0,#B8B8B8,0,0.5,0,,,MXMI_Drums,Drum,lyshineui/images/icons/items/MusicalActions/DrumsEgyptianGodsT5.png,lyshineui/images/icons/items_hires/DrumsEgyptianGodsT5.png
MandolinDarkFaeT5,,,,mandolinDarkFae,DarkFae,,,,,,,,,,#B8B8B8,0,0,#B8B8B8,0,0,#B8B8B8,0,0,#B8B8B8,0,0.5,0,,,MXMI_Mandolin,Mandolin,,
GuitarDarkFaeT5,@GuitarDarkFaeT5_TransmogName,@Skin_Guitar_DarkFae_Description,EquippableTool+InstrumentGuitar,guitarDarkFae,DarkFae,objects/instruments/guitars/guitardarkfae/musi_guit_guitardarkfae.cdf,,,,,,,,,#B8B8B8,0,0,#B8B8B8,0,0,#B8B8B8,0,0,#B8B8B8,0,0.5,0,,,MXMI_Guitar,Guitar,lyshineui/images/icons/items/MusicalActions/GuitarDarkFaeT5.png,lyshineui/images/icons/items_hires/GuitarDarkFaeT5.png
URBassDarkFaeT5,@URBassDarkFaeT5_TransmogName,@Skin_UprightBass_DarkFae_Description,EquippableTool+InstrumentUprightBass,bassDarkFae,DarkFae,Objects/Instruments/URBasses/URBassDarkFae/musi_urba_urbassDarkFae.cdf,,,,,,,,,#B8B8B8,0,0,#B8B8B8,0,0,#B8B8B8,0,0,#B8B8B8,0,0.5,0,,,MXMI_UprightBass,Bass,lyshineui/images/icons/items/MusicalActions/URBassDarkFaeT5.png,lyshineui/images/icons/items_hires/URBassDarkFaeT5.png
AzothFluteDarkFaeT5,@AzothFluteDarkFaeT5_TransmogName,@Skin_Flute_DarkFae_Description,EquippableTool+InstrumentFlute,fluteDarkFae,DarkFae,Objects/Instruments/AzothFlutes/AzothFluteDarkFae/musi_azfl_azothfluteDarkFae.cdf,,,,,,,,,#B8B8B8,0,0,#B8B8B8,0,0,#B8B8B8,0,0,#B8B8B8,0,0.5,0,,,MXMI_Flute,Flute,lyshineui/images/icons/items/MusicalActions/AzothFluteDarkFaeT5.png,lyshineui/images/icons/items_hires/AzothFluteDarkFaeT5.png
DrumsDarkFaeT5,,,,drumDarkFae,DarkFae,,,,,,,,,,#B8B8B8,0,0,#B8B8B8,0,0,#B8B8B8,0,0,#B8B8B8,0,0.5,0,,,MXMI_Drums,Drum,,
MandolinWinterConvergenceT5,@MandolinWinterConvergenceT5_TransmogName,@Skin_Mandolin_WinterConvergence_Description,EquippableTool+InstrumentMandolin,mandolinWinterConvergence,WinterConvergence,objects/instruments/mandolins/mandolinWinterConvergence/musi_mand_mandolinWinterConvergence.cdf,,,,,,,,,#B8B8B8,0,0,#B8B8B8,0,0,#B8B8B8,0,0,#B8B8B8,0,0.5,0,,,MXMI_Mandolin,Mandolin,lyshineui/images/icons/items/MusicalActions/MandolinWinterConvergenceT5.png,lyshineui/images/icons/items_hires/MandolinWinterConvergenceT5.png
GuitarWinterConvergenceT5,@GuitarWinterConvergenceT5_TransmogName,@Skin_Guitar_WinterConvergence_Description,EquippableTool+InstrumentGuitar,guitarWinterConvergence,WinterConvergence,objects/instruments/guitars/guitarWinterConvergence/musi_guit_guitarWinterConvergence.cdf,,,,,,,,,#B8B8B8,0,0,#B8B8B8,0,0,#B8B8B8,0,0,#B8B8B8,0,0.5,0,,,MXMI_Guitar,Guitar,lyshineui/images/icons/items/MusicalActions/GuitarWinterConvergenceT5.png,lyshineui/images/icons/items_hires/GuitarWinterConvergenceT5.png
URBassWinterConvergenceT5,@URBassWinterConvergenceT5_TransmogName,@Skin_UprightBass_WinterConvergence_Description,EquippableTool+InstrumentUprightBass,bassWinterConvergence,WinterConvergence,objects/instruments/URBasses/urbassWinterConvergence/musi_urba_urbassWinterConvergence.cdf,,,,,,,,,#B8B8B8,0,0,#B8B8B8,0,0,#B8B8B8,0,0,#B8B8B8,0,0.5,0,,,MXMI_UprightBass,Bass,lyshineui/images/icons/items/MusicalActions/URBassWinterConvergenceT5.png,lyshineui/images/icons/items_hires/URBassWinterConvergenceT5.png
AzothFluteWinterConvergenceT5,@AzothFluteWinterConvergenceT5_TransmogName,@Skin_Flute_WinterConvergence_Description,EquippableTool+InstrumentFlute,fluteWinterConvergence,WinterConvergence,objects/Instruments/azothflutes/azothfluteWinterConvergence/musi_azfl_azothfluteWinterConvergence.cdf,,,,,,,,,#B8B8B8,0,0,#B8B8B8,0,0,#B8B8B8,0,0,#B8B8B8,0,0.5,0,,,MXMI_Flute,Flute,lyshineui/images/icons/items/MusicalActions/AzothFluteWinterConvergenceT5.png,lyshineui/images/icons/items_hires/AzothFluteWinterConvergenceT5.png
DrumsWinterConvergenceT5,@DrumsWinterConvergenceT5_TransmogName,@Skin_Drum_WinterConvergence_Description,EquippableTool+InstrumentDrums,drumWinterConvergence,WinterConvergence,objects/instruments/drums/drumsWinterConvergence/musi_drums_drumsWinterConvergence.cdf,,,,,,,,,#B8B8B8,0,0,#B8B8B8,0,0,#B8B8B8,0,0,#B8B8B8,0,0.5,0,,,MXMI_Drums,Drum,lyshineui/images/icons/items/MusicalActions/DrumsWinterConvergenceT5.png,lyshineui/images/icons/items_hires/DrumsWinterConvergenceT5.png
GuitarFirelightT5,@GuitarFirelightT5_TransmogName,@Skin_Mar2023_GuitarFirelightT5_Description,EquippableTool+InstrumentGuitar,guitarFirelight,Firelight,objects/instruments/guitars/guitarFirelight/musi_guit_guitarFirelight.cdf,,,,,,,,,#B8B8B8,0,0,#B8B8B8,0,0,#B8B8B8,0,0,#B8B8B8,0,0.5,0,,,MXMI_Guitar,Guitar,lyshineui/images/icons/items/MusicalActions/GuitarFirelightT5.png,lyshineui/images/icons/items_hires/GuitarFirelightT5.png
URBassFirelightT5,@URBassFirelightT5_TransmogName,@Skin_Mar2023_URBassFirelightT5_Description,EquippableTool+InstrumentUprightBass,bassFirelight,Firelight,objects/instruments/URBasses/urbassFirelight/musi_urba_urbassFirelight.cdf,,,,,,,,,#B8B8B8,0,0,#B8B8B8,0,0,#B8B8B8,0,0,#B8B8B8,0,0.5,0,,,MXMI_UprightBass,Bass,lyshineui/images/icons/items/MusicalActions/URBassFirelightT5.png,lyshineui/images/icons/items_hires/URBassFirelightT5.png
DrumsFirelightT5,@DrumsFirelightT5_TransmogName,@Skin_Mar2023_DrumsFirelightT5_Description,EquippableTool+InstrumentDrums,drumFirelight,Firelight,objects/instruments/drums/drumsFirelight/musi_drums_drumsFirelight.cdf,,,,,,,,,#B8B8B8,0,0,#B8B8B8,0,0,#B8B8B8,0,0,#B8B8B8,0,0.5,0,,,MXMI_Drums,Drum,lyshineui/images/icons/items/MusicalActions/DrumsFirelightT5.png,lyshineui/images/icons/items_hires/DrumsFirelightT5.png
app_SummerNautical_Mandolin,@Skin_Mandolin_Summer_MasterName,@Skin_Mandolin_Summer_Description,EquippableTool+InstrumentMandolin,mandolinSummerNautical,SummerNautical,objects/instruments/mandolins/mandolinSummerNautical/musi_mand_mandolinSummerNautical.cdf,,,,,,,,,#B8B8B8,0,0,#B8B8B8,0,0,#B8B8B8,0,0,#B8B8B8,0,0.5,0,,,MXMI_Mandolin,Mandolin,lyshineui/images/icons/items/MusicalActions/app_SummerNautical_Mandolin.png,lyshineui/images/icons/items_hires/app_SummerNautical_Mandolin.png
app_SummerNautical_Guitar,@Skin_Guitar_Summer_MasterName,@Skin_Guitar_Summer_Description,EquippableTool+InstrumentGuitar,guitarSummerNautical,SummerNautical,objects/instruments/guitars/guitarSummerNautical/musi_guit_guitarSummerNautical.cdf,,,,,,,,,#B8B8B8,0,0,#B8B8B8,0,0,#B8B8B8,0,0,#B8B8B8,0,0.5,0,,,MXMI_Guitar,Guitar,lyshineui/images/icons/items/MusicalActions/app_SummerNautical_Guitar.png,lyshineui/images/icons/items_hires/app_SummerNautical_Guitar.png
app_SummerNautical_URBass,@Skin_UprightBass_Summer_MasterName,@Skin_UprightBass_Summer_Description,EquippableTool+InstrumentUprightBass,bassSummerNautical,SummerNautical,objects/instruments/URBasses/urbassSummerNautical/musi_urba_urbassSummerNautical.cdf,,,,,,,,,#B8B8B8,0,0,#B8B8B8,0,0,#B8B8B8,0,0,#B8B8B8,0,0.5,0,,,MXMI_UprightBass,Bass,lyshineui/images/icons/items/MusicalActions/app_SummerNautical_URBass.png,lyshineui/images/icons/items_hires/app_SummerNautical_URBass.png
app_SummerNautical_AzothFlute,@Skin_Flute_Summer_MasterName,@Skin_Flute_Summer_Description,EquippableTool+InstrumentFlute,fluteSummerNautical,SummerNautical,Objects/Instruments/AzothFlutes/AzothFluteSummerNautical/musi_azfl_azothfluteSummerNautical.cdf,,,,,,,,,#B8B8B8,0,0,#B8B8B8,0,0,#B8B8B8,0,0,#B8B8B8,0,0.5,0,,,MXMI_Flute,Flute,lyshineui/images/icons/items/MusicalActions/app_SummerNautical_AzothFlute.png,lyshineui/images/icons/items_hires/app_SummerNautical_AzothFlute.png
app_SummerNautical_Drums,@Skin_Drum_Summer_MasterName,@Skin_Drum_Summer_Description,EquippableTool+InstrumentDrums,drumSummerNautical,SummerNautical,objects/instruments/drums/drumsSummerNautical/musi_drums_drumsSummerNautical.cdf,,,,,,,,,#B8B8B8,0,0,#B8B8B8,0,0,#B8B8B8,0,0,#B8B8B8,0,0.5,0,,,MXMI_Drums,Drum,lyshineui/images/icons/items/MusicalActions/app_SummerNautical_Drums.png,lyshineui/images/icons/items_hires/app_SummerNautical_Drums.png
